constant = 4612320;

nvars = 62;

dim_h = 62;

dim_J = 1112;

h = [ -284045.0, -540, -284225.0, -2949120, -284045.0, -284225.0, -284225.0, -284045.0, -227520, -540, -720, -114480, -720, -284045.0, -284045.0, -284225.0, -4423680, -540, -284225.0, -720, -284225.0, -284045.0, -540, -284045.0, -720, -284225.0, -540, -284045.0, -284045.0, -540, -284225.0, -284225.0, -284045.0, -284225.0, -540, -284045.0, -540, -284045.0, -449280, -284045.0, -284045.0, -284045.0, -540, -284045.0, -540, -720, -1658880, -284045.0, -284045.0, -57420, -540, -284045.0, -284045.0, -540, -284225.0, -284045.0, -875520, -284045.0, -284045.0, -720, -284045.0, -284225.0 ];

hi = [ 17, 46, 7, 61, 13, 12, 8, 24, 57, 44, 54, 56, 52, 14, 30, 6, 62, 47, 5, 50, 9, 21, 37, 33, 51, 4, 43, 20, 16, 40, 2, 1, 27, 3, 39, 15, 45, 26, 58, 22, 28, 25, 48, 35, 38, 49, 60, 36, 23, 55, 42, 18, 31, 41, 10, 19, 59, 32, 29, 53, 34, 11 ];

jc = [ 1800.0, 14400.0, 9000.0, 9000.0, 9000.0, 3600.0, 115200.0, 9000.0, 9000.0, 5760, -360, 1440, 9000.0, 1440, -360, 14400.0, 1440, 9180.0, 9000.0, 1800.0, 230400.0, 1440, 3600.0, 9000.0, 9000.0, 180, 57600.0, 9000.0, 1440, 28800.0, 9000.0, 9000.0, 9000.0, 9180.0, 9000.0, 9000.0, 9000.0, 3600.0, 28800.0, 1800.0, 1440, 9000.0, 57600.0, 9180.0, 115200.0, 1800.0, 23040, 9000.0, 9720.0, 1440, 720, 9000.0, 9000.0, 9000.0, 1440, 9180.0, 10440.0, 9000.0, 1474560, 9180.0, 180, 28800.0, 180, 9000.0, 1440, 720, 115200.0, 9000.0, 9000.0, 9000.0, 9000.0, 1440, 9000.0, 180, 9000.0, 9000.0, 57600.0, 720, 9000.0, 9000.0, 28800.0, 9000.0, 9000.0, 1440, 9000.0, 1440, 9000.0, 115200.0, 9000.0, 184320, 9000.0, 9720.0, 184320, 9000.0, 9000.0, 9180.0, 3600.0, 57600.0, 9000.0, 9000.0, 230400.0, 9000.0, 1440, 7200.0, 1440, 230400.0, 9000.0, 28800.0, 180, 9000.0, 180, 9000.0, 9180.0, 9000.0, 180, 9000.0, 9000.0, 9000.0, 9180.0, 9000.0, 9000.0, 9000.0, 9000.0, 9000.0, 7200.0, 57600.0, 9000.0, 1800.0, 9000.0, 28800.0, 1440, 3600.0, 9000.0, 9000.0, 9000.0, 9000.0, 9000.0, 9000.0, 115200.0, 115200.0, 9000.0, 9000.0, 1440, 57600.0, 28800.0, 9000.0, 9180.0, 9180.0, 180, 9000.0, 230400.0, 9000.0, 180, 7200.0, 720, 230400.0, 720, 720, 9720.0, 9000.0, 9000.0, 9000.0, 9000.0, 9000.0, 115200.0, 9000.0, 10440.0, 14400.0, 9720.0, 28800.0, 9000.0, 720, 230400.0, 9000.0, 720, 9000.0, 9000.0, 7200.0, 10440.0, 9000.0, 9000.0, 9720.0, 9000.0, 1440, 9000.0, 9000.0, 9000.0, 92160, 115200.0, 9000.0, 57600.0, 1440, 9000.0, 1800.0, 1440, 9000.0, 7200.0, 9000.0, 9000.0, 9000.0, 9000.0, 9000.0, 230400.0, 9000.0, 1800.0, 9180.0, 3600.0, 14400.0, 9000.0, 9000.0, 92160, 9000.0, 9000.0, 14400.0, 3600.0, 9000.0, 9000.0, 10440.0, 9000.0, 720, 11520, 10440.0, 9000.0, 7200.0, 720, 10440.0, 9720.0, 230400.0, 1800.0, 9720.0, 9180.0, 9000.0, 9720.0, 720, 9000.0, 9180.0, 9720.0, 9180.0, 9000.0, 230400.0, 9000.0, 9720.0, 7200.0, 9000.0, 9000.0, 9000.0, 9000.0, 9000.0, 9000.0, 9000.0, 9720.0, 9000.0, 9180.0, 9180.0, 9000.0, 1440, 9180.0, 14400.0, 14400.0, 9000.0, 9180.0, 9000.0, 9000.0, 9000.0, 28800.0, 9000.0, 9000.0, 180, 7200.0, 1440, 3600.0, 180, 9000.0, 230400.0, 9180.0, 9000.0, 10440.0, 9180.0, 1440, 46080, 9000.0, 10440.0, 9000.0, 9000.0, 9180.0, 9000.0, 57600.0, 9000.0, 9000.0, 9000.0, 3600.0, 9180.0, 230400.0, 1440, 9000.0, 9000.0, 3600.0, 7200.0, 1440, 9180.0, 9000.0, 9000.0, 10440.0, 28800.0, 9000.0, 1440, 1440, 9360.0, 9000.0, 1440, 14400.0, 1440, 14400.0, 9360.0, 9000.0, 9180.0, 115200.0, 1440, 9180.0, 9000.0, 9000.0, 180, 720, 28800.0, 9000.0, 180, 9000.0, 7200.0, 9000.0, 9000.0, 230400.0, 9000.0, 10440.0, 9000.0, 10440.0, 57600.0, 9000.0, 115200.0, 9000.0, 1440, 9720.0, 9000.0, 9000.0, 1800.0, 1440, 230400.0, 9000.0, 1440, 9000.0, 1440, 7200.0, 9000.0, 9000.0, 9000.0, 9000.0, 9000.0, 9180.0, 57600.0, 9000.0, 1440, 9000.0, 1440, 3600.0, 14400.0, 9000.0, 9180.0, 1800.0, 14400.0, 1440, 3600.0, 9000.0, 180, 1800.0, 9000.0, 9180.0, 9000.0, 9180.0, 9000.0, 9000.0, 7200.0, 9000.0, 9000.0, 9180.0, 720, 1440, 9000.0, 720, 720, 57600.0, 1440, 9180.0, 9720.0, 115200.0, 368640, 9000.0, 720, 9000.0, 9000.0, 9000.0, 9000.0, 180, 7200.0, 9000.0, 180, 3600.0, 9000.0, 1440, 9000.0, 9180.0, 9000.0, 9000.0, 9180.0, 1800.0, 9720.0, 9180.0, 3600.0, 9000.0, 9180.0, 10440.0, 230400.0, 7200.0, -360, 9000.0, 9720.0, 1440, 9000.0, 9180.0, 9720.0, 9180.0, 9000.0, -360, 9180.0, 9000.0, 9720.0, 28800.0, 57600.0, 9000.0, 9180.0, 1440, 9180.0, 115200.0, 115200.0, 9000.0, 9000.0, 9000.0, 14400.0, 9000.0, 9000.0, 180, 3600.0, 1440, 9000.0, 7200.0, 1800.0, 9000.0, 115200.0, 9000.0, 9000.0, 9180.0, 9000.0, 9000.0, 9000.0, 14400.0, 720, 9000.0, 115200.0, 9180.0, 115200.0, 9000.0, 14400.0, 9180.0, 9000.0, 720, 9000.0, 720, 9000.0, 9720.0, 230400.0, 9000.0, 7200.0, 9000.0, 9000.0, 9000.0, 230400.0, 9000.0, 9000.0, 57600.0, 1440, 3600.0, 9180.0, 9000.0, 28800.0, 720, 115200.0, 720, 9000.0, 9000.0, 28800.0, 1800.0, 9000.0, 57600.0, 7200.0, 9720.0, 9000.0, 9180.0, 9000.0, 9000.0, 10440.0, 1800.0, 14400.0, 9720.0, 3600.0, 9000.0, 115200.0, 11520, 9000.0, 28800.0, 9000.0, 10440.0, 9000.0, 10440.0, 1440, 9000.0, 9180.0, 180, 2949120, 1440, 9180.0, 1800.0, 1440, 9180.0, 57600.0, 1440, 9000.0, 9000.0, 9000.0, 28800.0, 9180.0, 10440.0, 9180.0, 9000.0, 9180.0, 9000.0, 9000.0, 28800.0, 9000.0, 9000.0, 57600.0, 9000.0, 9000.0, 9000.0, 230400.0, 9000.0, 3600.0, 9180.0, 720, 1440, 14400.0, -360, 10440.0, 9720.0, 9000.0, 115200.0, 3600.0, 1440, 9180.0, 9000.0, 14400.0, 1800.0, 1440, 28800.0, 1440, 9000.0, 180, 7200.0, 9180.0, 9000.0, 9000.0, 9180.0, 9000.0, 9180.0, 9000.0, 9180.0, 115200.0, 10440.0, 9000.0, 9000.0, 57600.0, 28800.0, 10440.0, 9000.0, 9000.0, 7200.0, 57600.0, -360, 9720.0, 9000.0, 10440.0, 9720.0, 9000.0, 7200.0, 230400.0, -360, 230400.0, 9000.0, 9000.0, 28800.0, 14400.0, 9000.0, 9000.0, 9000.0, 9000.0, 115200.0, 9000.0, 14400.0, 28800.0, 9000.0, 9000.0, 230400.0, 9000.0, 9180.0, 9000.0, 9000.0, 9720.0, 9000.0, 9000.0, 3600.0, 9000.0, 9000.0, 57600.0, 9000.0, 115200.0, 9000.0, 115200.0, 9000.0, 9000.0, 57600.0, 1440, 3600.0, 9000.0, 9720.0, 9000.0, 10440.0, 1800.0, 14400.0, 9000.0, 9720.0, 11520, 10440.0, 9000.0, 7200.0, 230400.0, 9000.0, 3600.0, 1440, 28800.0, -360, 1800.0, 720, 9000.0, 180, 9000.0, 14400.0, 9720.0, 9360.0, 9720.0, 9360.0, 9000.0, 9000.0, 57600.0, 9180.0, 720, 28800.0, 9000.0, 1440, 3600.0, 9000.0, 46080, 9000.0, 9000.0, 46080, 9000.0, 9000.0, 1440, 9000.0, 9000.0, 9000.0, 737280, 57600.0, 1440, 1440, 9000.0, 1440, 3600.0, 230400.0, 1440, 9000.0, 9000.0, 9000.0, 9000.0, 9000.0, 9000.0, 9000.0, 9000.0, 9000.0, 9720.0, 9000.0, 9000.0, 14400.0, 9000.0, 9000.0, 9000.0, 9000.0, 9000.0, 9000.0, 9000.0, 9000.0, 720, 7200.0, 57600.0, 9720.0, 230400.0, 1800.0, 28800.0, 9000.0, 9000.0, 115200.0, -360, 9000.0, 2880, 57600.0, 9000.0, 115200.0, 9000.0, 9720.0, 57600.0, 720, 1800.0, 180, 10440.0, 720, 180, 1800.0, 9180.0, 9180.0, 180, 9720.0, 9360.0, 14400.0, 9000.0, 10440.0, 28800.0, 9720.0, 9000.0, 10440.0, 720, 9720.0, 9180.0, 14400.0, 115200.0, 9000.0, 3600.0, 9000.0, 14400.0, 1800.0, 9000.0, 3600.0, 9000.0, 1440, 9000.0, 9000.0, 1440, 9000.0, 10440.0, 7200.0, 7200.0, 57600.0, 9000.0, 9000.0, 230400.0, 9000.0, 28800.0, 9000.0, 9000.0, 180, 57600.0, 180, 115200.0, 9000.0, 9000.0, 3600.0, 9000.0, 9000.0, 1800.0, 9000.0, 9000.0, 9000.0, 230400.0, 14400.0, 9000.0, 1440, 9000.0, 7200.0, 9000.0, 230400.0, 9000.0, 9000.0, 9000.0, 720, 9000.0, 9000.0, 14400.0, 23040, 115200.0, 9000.0, 9000.0, 14400.0, 9000.0, 9000.0, 2880, 9000.0, 9000.0, 46080, 1440, 9000.0, -360, 9720.0, 1800.0, 7200.0, 9720.0, 3600.0, 1440, 7200.0, 1800.0, 9720.0, 3600.0, 368640, 9000.0, 1440, 9000.0, 9180.0, 9000.0, 9000.0, 3600.0, 9000.0, 9000.0, 1800.0, 7200.0, 9000.0, 184320, 9000.0, 1440, 7200.0, 1800.0, 9180.0, 9000.0, 1440, 9000.0, 1440, 1440, 9000.0, 1440, 1440, 9000.0, 14400.0, 1440, 9000.0, 9000.0, 115200.0, 180, 14400.0, 9000.0, 9180.0, 9000.0, 9000.0, 1440, 230400.0, 1440, 9180.0, 23040, 9000.0, 9000.0, 9180.0, 9000.0, 9000.0, 9000.0, 9000.0, 720, 9000.0, 115200.0, 9180.0, 9000.0, 9000.0, 9000.0, 9000.0, 9000.0, 28800.0, 5760, 230400.0, 9000.0, 57600.0, 7200.0, 1440, 7200.0, 9180.0, 1800.0, 9000.0, 10440.0, 3600.0, 180, 1800.0, 14400.0, 720, 1440, 180, 9000.0, 115200.0, 1440, 1440, 9000.0, 9000.0, 9000.0, 9000.0, 9000.0, 9000.0, 9000.0, 9180.0, 10440.0, 7200.0, 9720.0, 9180.0, 230400.0, 9000.0, 1800.0, 9720.0, 9000.0, 9000.0, 1800.0, 92160, 10440.0, 9000.0, 115200.0, 9000.0, 57600.0, 9720.0, 9000.0, 10440.0, 9000.0, 10440.0, 9000.0, 28800.0, 1800.0, 230400.0, 10440.0, 9000.0, 57600.0, 7200.0, 9000.0, 1440, 9000.0, 1440, 9000.0, 9000.0, 9180.0, 9000.0, 115200.0, 14400.0, 9000.0, 9000.0, 1440, 115200.0, 10440.0, 9000.0, 9720.0, 9000.0, 9000.0, 9000.0, 28800.0, 9000.0, 9000.0, 28800.0, 1440, 9000.0, 230400.0, 9000.0, 720, 3600.0, 28800.0, 9000.0, 720, 9360.0, 57600.0, 9000.0, 720, 9000.0, 9180.0, 1440, 10440.0, 9000.0, 3600.0, 3600.0, 9180.0, 28800.0, 9720.0, 57600.0, 180, 9000.0, 9000.0, 1440, 9180.0, 9000.0, 9180.0, 9720.0, 9720.0, 14400.0, 720, 10440.0, 9000.0, 9000.0, 9000.0, 9000.0, 28800.0, 9000.0, 9180.0, 9000.0, 1440, 230400.0, 737280, 7200.0, 9000.0, 9000.0, 9180.0, 1800.0, 9000.0, 9000.0, 1440, 9180.0, 57600.0, 9000.0, 9000.0, 9000.0, 9180.0, 115200.0, 1440, 3600.0, 9000.0, 9000.0, 1800.0, 9000.0, 9180.0, 9720.0, 9000.0, 9180.0, 3600.0, 9000.0, 9180.0, 9180.0, 230400.0, 1800.0, 14400.0, 9000.0, 9000.0, 9000.0, 28800.0, 14400.0, 9000.0, 9000.0, 9000.0, 1440, 9000.0, 1440, 9000.0, 9000.0, 9000.0, 14400.0, 28800.0, 9000.0, 230400.0, 1440, 230400.0, 9180.0, 9000.0, 9000.0, 9180.0, 180, 720, 57600.0, 720, 57600.0, 9000.0, 7200.0, 57600.0, 115200.0, 10440.0, 9180.0, 9180.0, 9720.0, 9180.0, 9000.0, 9000.0, 9720.0, 9000.0, 9180.0, 9000.0, 7200.0, 1440, 9720.0, 9000.0, 230400.0, 9000.0, 9000.0, 28800.0 ];

jy = [ 33, 23, 6, 21, 4, 34, 24, 7, 22, 55, 29, 35, 18, 33, 32, 6, 36, 19, 24, 7, 11, 35, 8, 14, 15, 39, 13, 16, 40, 14, 12, 1, 8, 13, 2, 14, 3, 1, 21, 2, 26, 16, 22, 5, 19, 27, 57, 6, 21, 28, 24, 7, 5, 29, 9, 33, 8, 6, 60, 34, 41, 31, 37, 9, 12, 19, 17, 11, 9, 12, 10, 9, 2, 47, 3, 1, 25, 15, 4, 2, 26, 5, 3, 1, 25, 47, 4, 28, 2, 58, 7, 19, 59, 8, 10, 21, 4, 34, 17, 7, 31, 18, 8, 32, 6, 36, 19, 7, 44, 9, 45, 10, 25, 15, 46, 11, 12, 27, 1, 24, 13, 28, 5, 3, 27, 1, 6, 21, 4, 2, 26, 22, 5, 20, 3, 27, 6, 21, 4, 34, 24, 7, 31, 35, 9, 8, 32, 19, 43, 24, 7, 13, 37, 8, 14, 12, 19, 24, 15, 11, 16, 12, 20, 1, 15, 13, 2, 16, 14, 20, 3, 15, 21, 4, 16, 5, 20, 3, 6, 21, 28, 7, 22, 55, 19, 9, 8, 56, 10, 17, 11, 8, 15, 30, 44, 16, 14, 1, 13, 2, 14, 3, 18, 1, 25, 4, 26, 22, 5, 6, 57, 6, 21, 28, 24, 7, 22, 29, 8, 23, 56, 30, 17, 31, 17, 11, 9, 32, 36, 10, 32, 11, 9, 14, 10, 31, 11, 28, 3, 25, 4, 2, 26, 5, 3, 25, 6, 23, 4, 26, 7, 5, 20, 8, 23, 6, 21, 4, 34, 17, 22, 2, 19, 18, 32, 12, 19, 43, 7, 42, 11, 44, 9, 8, 25, 10, 25, 15, 39, 55, 11, 26, 16, 12, 27, 1, 15, 13, 2, 14, 20, 3, 1, 25, 6, 4, 28, 2, 26, 7, 5, 20, 27, 23, 6, 30, 28, 17, 7, 31, 5, 29, 35, 18, 8, 32, 6, 10, 19, 24, 13, 37, 18, 8, 14, 38, 15, 13, 11, 16, 14, 12, 1, 13, 2, 16, 14, 20, 3, 2, 16, 5, 20, 3, 1, 23, 6, 4, 28, 2, 24, 7, 22, 5, 9, 8, 23, 29, 10, 34, 17, 7, 31, 11, 24, 9, 32, 17, 39, 13, 16, 40, 14, 1, 13, 2, 14, 3, 1, 25, 4, 2, 26, 20, 27, 1, 23, 21, 28, 7, 7, 22, 29, 59, 8, 23, 30, 17, 11, 18, 38, 36, 10, 39, 9, 9, 42, 10, 25, 11, 12, 1, 15, 4, 2, 16, 5, 29, 3, 27, 1, 25, 6, 4, 2, 26, 31, 5, 20, 3, 27, 8, 23, 6, 30, 4, 10, 17, 41, 31, 5, 35, 18, 8, 23, 29, 12, 19, 43, 17, 41, 9, 12, 18, 10, 33, 15, 11, 26, 16, 12, 1, 15, 13, 13, 30, 2, 16, 14, 20, 3, 15, 21, 4, 22, 5, 20, 3, 9, 23, 6, 21, 4, 24, 7, 22, 5, 29, 35, 31, 8, 6, 17, 11, 18, 14, 15, 13, 23, 16, 14, 21, 12, 1, 13, 2, 14, 3, 1, 21, 20, 2, 16, 22, 57, 6, 24, 7, 5, 8, 6, 36, 10, 34, 37, 61, 35, 9, 12, 36, 10, 17, 3, 9, 12, 1, 33, 19, 4, 13, 2, 14, 3, 1, 25, 4, 2, 26, 3, 1, 25, 28, 2, 19, 7, 55, 9, 33, 33, 10, 17, 7, 31, 5, 11, 35, 18, 32, 6, 12, 36, 10, 9, 45, 19, 25, 15, 11, 26, 12, 1, 13, 28, 26, 5, 29, 3, 27, 1, 6, 30, 4, 18, 2, 26, 5, 20, 3, 24, 6, 30, 4, 28, 34, 17, 7, 35, 9, 8, 23, 19, 24, 7, 9, 8, 12, 10, 15, 13, 11, 16, 12, 1, 8, 13, 2, 6, 17, 14, 20, 15, 21, 4, 2, 5, 20, 3, 27, 33, 6, 21, 4, 28, 34, 19, 7, 22, 55, 9, 8, 6, 10, 17, 7, 31, 11, 35, 8, 19, 15, 39, 16, 14, 1, 13, 2, 14, 3, 1, 21, 4, 16, 22, 5, 3, 27, 18, 57, 6, 21, 58, 7, 29, 3, 8, 8, 6, 60, 31, 37, 48, 9, 38, 36, 17, 37, 11, 9, 12, 10, 21, 2, 3, 9, 1, 8, 4, 2, 26, 5, 3, 22, 25, 4, 2, 26, 7, 22, 29, 33, 23, 30, 4, 34, 17, 7, 9, 31, 18, 56, 32, 12, 36, 19, 23, 7, 13, 11, 44, 9, 14, 45, 19, 25, 15, 46, 11, 16, 10, 27, 1, 15, 13, 28, 2, 16, 14, 3, 27, 1, 6, 21, 4, 2, 22, 5, 29, 27, 33, 6, 21, 34, 24, 7, 5, 35, 9, 8, 23, 6, 18, 10, 24, 13, 37, 8, 38, 12, 10, 15, 30, 11, 16, 10, 12, 7, 1, 15, 18, 13, 32, 2, 16, 14, 20, 3, 17, 4, 24, 5, 20, 3, 56, 23, 6, 28, 24, 7, 22, 55, 9, 8, 56, 30, 10, 34, 17, 31, 11, 18, 32, 12, 17, 13, 16, 14, 58, 1, 46, 2, 14, 3, 1, 25, 4, 2, 26, 22, 1, 57, 21, 4, 28, 24, 7, 22, 5, 29, 33, 6, 30, 4, 34, 17, 31, 5, 11, 9, 32, 38, 36, 19, 8, 11, 9, 45, 19, 43, 15, 55, 11, 3, 1, 4, 2, 10, 5, 20, 3, 27, 33, 6, 4, 26, 7, 5, 29, 56, 33, 23, 30, 4, 30, 34, 31, 9, 23, 12, 10, 43, 17, 7, 13, 11, 44, 9, 8, 25, 25, 10, 25, 15, 11, 26, 16, 12, 27, 1, 15, 13, 2, 16, 14, 20, 19, 15, 18, 28, 58, 5, 20, 3, 27, 23, 6, 21, 4, 17, 7, 22, 5, 35, 9, 8, 23, 6, 10, 24, 7, 13, 27, 14, 9, 8, 15, 25, 13, 11, 16, 40, 14, 12, 12, 10, 1, 13, 10, 16, 14, 3, 19, 10, 16, 22, 5, 20, 3, 18, 6, 21, 15, 24, 7, 22, 5, 33, 32, 10, 18, 23, 12, 10, 17, 18, 18, 40, 12, 1, 32, 9, 2, 14, 3, 1, 25, 15, 4, 2, 19, 1, 18, 28, 2, 7, 22, 5, 29, 59, 33, 30, 17, 19, 5, 11, 18, 8, 20, 36, 19, 8, 18, 11, 18, 38, 18, 10, 8, 29, 11, 13, 24, 12, 1, 15, 4, 21, 2, 26, 16, 12, 5, 29, 3, 27, 1, 6, 30, 4, 28, 5, 29, 3, 18, 6, 30, 4, 17, 5, 11, 35, 22, 8, 23, 20, 43, 17, 10, 18, 12, 10, 9, 19, 13, 11, 26, 16, 12, 27, 1, 13, 3, 2, 32, 14, 20, 1, 15, 4, 2, 5, 20, 3 ];

jx = [ 55, 58, 32, 26, 36, 56, 61, 29, 29, 59, 42, 53, 21, 45, 45, 58, 42, 20, 27, 55, 62, 47, 56, 33, 32, 41, 60, 31, 46, 59, 23, 18, 13, 18, 29, 21, 28, 56, 59, 55, 50, 35, 60, 6, 61, 55, 59, 25, 33, 40, 54, 24, 36, 33, 39, 36, 26, 35, 62, 35, 42, 59, 42, 13, 42, 37, 61, 15, 19, 16, 20, 51, 22, 48, 19, 15, 60, 51, 12, 16, 59, 13, 13, 37, 34, 53, 18, 61, 34, 61, 15, 31, 60, 16, 13, 22, 56, 60, 30, 33, 62, 25, 38, 57, 54, 62, 32, 59, 46, 26, 47, 21, 29, 20, 48, 20, 27, 31, 6, 35, 30, 32, 12, 8, 57, 60, 11, 55, 23, 59, 38, 56, 18, 28, 34, 35, 21, 29, 61, 61, 34, 28, 37, 60, 59, 35, 34, 23, 44, 32, 62, 33, 38, 57, 38, 62, 49, 48, 27, 27, 20, 20, 27, 29, 61, 21, 26, 58, 26, 59, 31, 39, 62, 32, 40, 25, 33, 57, 30, 28, 33, 19, 27, 57, 33, 34, 28, 62, 61, 34, 60, 50, 30, 55, 50, 25, 57, 20, 20, 19, 19, 26, 62, 10, 55, 5, 56, 58, 8, 33, 61, 7, 35, 58, 56, 22, 36, 35, 17, 41, 59, 36, 25, 57, 53, 35, 15, 62, 55, 16, 33, 13, 21, 50, 18, 35, 23, 30, 17, 62, 14, 14, 57, 15, 11, 36, 16, 31, 20, 35, 13, 21, 21, 10, 36, 42, 24, 58, 58, 32, 23, 31, 35, 31, 59, 33, 30, 47, 57, 54, 56, 48, 28, 62, 27, 27, 31, 18, 51, 62, 18, 32, 21, 29, 29, 8, 60, 32, 7, 31, 56, 6, 62, 43, 9, 25, 56, 57, 44, 8, 20, 30, 33, 59, 19, 54, 46, 23, 26, 43, 58, 47, 58, 24, 29, 36, 61, 40, 21, 26, 35, 40, 42, 59, 36, 39, 25, 57, 25, 30, 62, 22, 31, 23, 32, 60, 24, 61, 29, 50, 34, 27, 35, 55, 43, 62, 28, 40, 35, 44, 57, 17, 25, 33, 36, 22, 24, 60, 35, 46, 36, 43, 56, 58, 28, 10, 55, 58, 45, 56, 27, 42, 55, 22, 14, 17, 17, 24, 12, 57, 7, 11, 28, 44, 51, 34, 53, 45, 60, 37, 12, 34, 61, 61, 19, 47, 34, 27, 33, 28, 41, 57, 14, 40, 56, 23, 48, 24, 26, 21, 26, 3, 55, 16, 4, 56, 9, 30, 9, 62, 57, 38, 14, 22, 38, 33, 32, 23, 23, 35, 40, 12, 34, 24, 59, 60, 17, 18, 47, 34, 61, 61, 29, 34, 28, 58, 35, 28, 45, 56, 53, 30, 57, 55, 25, 61, 24, 32, 30, 23, 31, 26, 58, 49, 26, 61, 5, 61, 29, 58, 4, 36, 51, 27, 52, 30, 32, 62, 17, 57, 17, 25, 33, 62, 32, 30, 60, 41, 56, 36, 31, 59, 47, 61, 48, 34, 31, 59, 55, 32, 60, 57, 24, 17, 17, 30, 22, 27, 55, 58, 26, 56, 36, 61, 58, 26, 59, 23, 35, 24, 36, 48, 33, 36, 41, 62, 41, 12, 55, 54, 11, 60, 39, 18, 13, 24, 59, 22, 28, 16, 23, 15, 22, 14, 59, 9, 9, 60, 16, 36, 33, 62, 35, 56, 10, 56, 45, 58, 46, 28, 29, 36, 61, 56, 47, 36, 26, 58, 55, 48, 59, 52, 25, 46, 57, 28, 19, 19, 27, 28, 5, 29, 29, 61, 11, 32, 7, 60, 59, 12, 31, 24, 57, 60, 39, 17, 25, 33, 30, 22, 57, 62, 41, 62, 20, 27, 59, 58, 36, 26, 26, 29, 61, 32, 58, 59, 31, 22, 62, 30, 17, 17, 28, 14, 28, 27, 56, 22, 27, 60, 34, 61, 29, 61, 32, 34, 60, 45, 56, 31, 27, 35, 34, 55, 58, 30, 28, 60, 33, 25, 57, 62, 33, 56, 49, 59, 48, 55, 43, 29, 42, 26, 58, 19, 19, 20, 20, 25, 9, 60, 6, 46, 59, 7, 51, 56, 19, 60, 8, 34, 59, 21, 34, 45, 18, 23, 34, 61, 60, 43, 54, 14, 44, 56, 62, 49, 16, 20, 15, 19, 31, 21, 20, 24, 16, 20, 11, 15, 58, 14, 14, 32, 35, 17, 33, 36, 16, 46, 57, 60, 35, 62, 55, 59, 31, 34, 61, 44, 32, 57, 60, 34, 61, 29, 29, 60, 43, 55, 45, 27, 44, 48, 55, 30, 17, 47, 17, 22, 58, 32, 7, 59, 31, 31, 8, 52, 32, 5, 58, 61, 10, 56, 26, 58, 55, 19, 56, 36, 51, 20, 30, 52, 33, 25, 57, 57, 60, 30, 32, 62, 22, 59, 31, 34, 39, 60, 40, 61, 29, 28, 56, 28, 19, 55, 19, 35, 30, 62, 58, 22, 50, 25, 57, 25, 62, 32, 21, 31, 42, 26, 36, 58, 60, 61, 29, 36, 58, 20, 26, 58, 35, 27, 61, 42, 36, 47, 35, 55, 57, 36, 56, 54, 57, 55, 28, 56, 62, 21, 52, 18, 18, 23, 11, 56, 8, 12, 55, 57, 33, 62, 36, 46, 57, 55, 11, 35, 47, 36, 39, 48, 35, 52, 40, 26, 58, 53, 36, 16, 61, 42, 58, 36, 11, 14, 22, 51, 62, 49, 16, 61, 24, 18, 2, 13, 13, 30, 16, 50, 12, 61, 35, 15, 19, 34, 14, 22, 59, 58, 62, 33, 60, 57, 48, 57, 33, 55, 27, 36, 56, 48, 55, 58, 37, 53, 47, 29, 61, 37, 49, 26, 32, 23, 31, 31, 24, 32, 30, 25, 57, 25, 6, 62, 30, 55, 25, 35, 33, 55, 60, 29, 29, 61, 34, 60, 18, 32, 34, 24, 31, 31, 59, 55, 62, 32, 30, 60, 57, 25, 49, 36, 39, 35, 31, 9, 26, 61, 58, 26, 29, 52, 61, 30, 21, 22, 32, 24, 15, 59, 23, 30, 59, 46, 33, 62, 28, 38, 56, 59, 27, 39, 21, 60, 18, 40, 34, 34, 44, 34, 34, 56, 56, 12, 59, 30, 60, 41, 14, 23, 38, 11, 24, 16, 21, 13, 58, 45, 10, 10, 27, 35, 35, 59, 36, 9, 33, 41, 62, 62, 57, 33, 28, 24, 55, 34, 27, 44, 22, 60, 34, 21, 20, 12, 61, 50, 56, 23, 15, 55, 22, 15, 36, 25, 4, 56, 15, 23, 3, 62, 55, 58, 10, 31, 10, 59, 58, 13, 32, 21, 52, 24, 53, 36, 23, 23, 58, 59, 19, 62, 41, 62, 24, 33, 25, 24, 46, 41, 60, 54, 60, 32, 57, 60, 61, 29, 29, 18, 18, 28, 27, 27, 15, 28, 35, 28, 57, 49, 33, 30, 62, 31, 31, 59 ];

