constant = 79271280;

nvars = 125;

dim_h = 125;

dim_J = 4426;

h = [ -23324432.0, -10707854.0, -22657171.0, -17873484.0, -7920, -13620438.0, -7920, -18568465.0, -5940, -17873484.0, -23324432.0, -68935680, -17873484.0, -13620438.0, -5940, -12897737.0, -7920, -18568465.0, -17873484.0, -25300475.0, -10707854.0, -42577920, -790020, -12897737.0, -18568465.0, -10707854.0, -18568465.0, -17873484.0, -17873484.0, -22657171.0, -6209280, -23324432.0, -5940, -10707854.0, -25300475.0, -17873484.0, -25300475.0, -25300475.0, -10707854.0, -22657171.0, -18568465.0, -22657171.0, -3136320, -17873484.0, -17873484.0, -22657171.0, -5940, -5940, -7920, -5940, -18568465.0, -23324432.0, -5940, -17873484.0, -18568465.0, -5940, -5940, -13620438.0, -12897737.0, -18568465.0, -5940, -12897737.0, -5940, -5940, -18568465.0, -7920, -25300475.0, -23316480, -12897737.0, -17873484.0, -12897737.0, -23324432.0, -12165120, -25300475.0, -17873484.0, -13620438.0, -13620438.0, -5940, -13620438.0, -1576080, -23324432.0, -17873484.0, -13620438.0, -12897737.0, -22657171.0, -5940, -5940, -5940, -7920, -17873484.0, -25300475.0, -5940, -7920, -10707854.0, -10707854.0, -25300475.0, -5940, -22657171.0, -5940, -5940, -23324432.0, -5940, -22657171.0, -5940, -22657171.0, -13620438.0, -12897737.0, -5940, -17873484.0, -5940, -7920, -25300475.0, -7920, -5940, -5940, -10707854.0, -17873484.0, -12897737.0, -5940, -23324432.0, -13620438.0, -10707854.0, -17873484.0, -17873484.0, -23324432.0 ];

hi = [ 13, 5, 20, 71, 117, 61, 109, 77, 96, 64, 17, 125, 72, 57, 98, 54, 116, 76, 70, 37, 7, 124, 118, 51, 78, 4, 73, 66, 36, 21, 121, 15, 91, 3, 39, 67, 45, 40, 8, 22, 80, 25, 120, 33, 28, 24, 102, 87, 112, 93, 74, 16, 108, 35, 79, 83, 95, 59, 50, 75, 88, 48, 82, 100, 81, 110, 44, 123, 52, 32, 53, 12, 122, 42, 65, 60, 55, 92, 56, 119, 14, 30, 62, 47, 27, 101, 94, 105, 115, 69, 43, 85, 114, 2, 1, 41, 89, 19, 97, 104, 10, 99, 26, 84, 23, 58, 49, 90, 68, 103, 111, 38, 113, 107, 86, 6, 31, 46, 106, 18, 63, 9, 29, 34, 11 ];

jc = [ 1710720.0, 3168000.0, 1964160.0, 17740800.0, 2946240.0, 1940400.0, 1330560.0, 1734480.0, 2376000.0, 3326400.0, 3326400.0, 2154240.0, 4435200.0, 15840, 1346400.0, 1386000.0, 2494800.0, 122760.0, 982080.0, 982080.0, 3041280.0, 269280.0, 2280960.0, 3041280.0, 15840, 15840, 3069000.0, 3465000.0, 1211760.0, 1219680.0, 3928320.0, 6082560.0, 3326400.0, 997920.0, 15840, 2209680.0, 15840, 2282940.0, 1683000.0, 1980, 2383920.0, 3183840.0, 1219680.0, 1940400.0, 1285020.0, 554400.0, 4296600.0, 1330560.0, 15840, 1108800.0, 1980, 1718640.0, 95040.0, 1683000.0, 15840, 2282940.0, 4435200.0, 1615680.0, 15840, 4852980.0, 1386000.0, 1710720.0, 2946240.0, 8616960.0, 2154240.0, 1077120.0, 2280960.0, 2494800.0, 3326400.0, 15840, 3326400.0, 1219680.0, 1330560.0, 15840, 1146420.0, 7920, 7920, 1774080.0, 138600.0, 1774080.0, 2209680.0, 1615680.0, 15840, 2288880.0, 2376000.0, 1330560.0, 15840, 7920, 2086920.0, 1940400.0, 15840, 15840, 1980, 1615680.0, 3168000.0, 1710720.0, 3041280.0, 2476980.0, 3465000.0, 15840, 1330560.0, 4852980.0, 942480.0, 3069000.0, 2154240.0, 4435200.0, 2154240.0, 3326400.0, 2476980.0, 2946240.0, 1330560.0, 1146420.0, 3944160.0, 15840, 1146420.0, 778140.0, 7920, 2280960.0, 17740800.0, 8110080.0, 1330560.0, 3041280.0, 1615680.0, 4852980.0, 1980, 2280960.0, 15840, 2376000.0, 1774080.0, 997920.0, 1710720.0, 2209680.0, 1774080.0, 15840, 277200.0, 2946240.0, 15840, 6082560.0, 4308480.0, 3057120.0, 190080.0, 1718640.0, 3928320.0, 3041280.0, 4852980.0, 2946240.0, 997920.0, 2280960.0, 3041280.0, 1615680.0, 2946240.0, 4435200.0, 2280960.0, 2494800.0, 2356200.0, 1386000.0, 15840, 3928320.0, 2282940.0, 7920, 2954160.0, 3326400.0, 1980, 887040.0, 1386000.0, 1520640.0, 2280960.0, 4435200.0, 942480.0, 1782000.0, 1710720.0, 2094840.0, 1718640.0, 15840, 2086920.0, 3041280.0, 3168000.0, 1615680.0, 792000.0, 2476980.0, 1285020.0, 3465000.0, 2217600.0, 1940400.0, 1782000.0, 2280960.0, 2376000.0, 1615680.0, 1683000.0, 1623600.0, 15840, 491040.0, 12672000.0, 2502720.0, 1386000.0, 1401840.0, 3041280.0, 2391840.0, 2280960.0, 2280960.0, 1980, 1718640.0, 1782000.0, 15840, 71280.0, 1980, 1615680.0, 2954160.0, 4443120.0, 2376000.0, 942480.0, 1734480.0, 1782000.0, 2225520.0, 778140.0, 2154240.0, 2086920.0, 1774080.0, 1146420.0, 3041280.0, 15840, 396000.0, 3465000.0, 942480.0, 1285020.0, 4304520.0, 1338480.0, 1710720.0, 4435200.0, 1710720.0, 2086920.0, 3326400.0, 4435200.0, 3548160.0, 4852980.0, 245520.0, 6336000.0, 2282940.0, 1330560.0, 4057020.0, 2383920.0, 2162160.0, 1330560.0, 2209680.0, 1710720.0, 2494800.0, 982080.0, 1774080.0, 380160.0, 2280960.0, 1211760.0, 2154240.0, 1980, 3069000.0, 1774080.0, -3960, 2962080.0, 1774080.0, 2946240.0, 15840, 1211760.0, 6082560.0, 2027520.0, 792000.0, 3807540.0, 1940400.0, 1980, 1948320.0, 2154240.0, 2282940.0, 1710720.0, 3041280.0, 12672000.0, 2356200.0, 997920.0, 2296800.0, 1683000.0, 4435200.0, 2209680.0, 2356200.0, 1980, 15840, 2376000.0, 12165120.0, 3041280.0, 2296800.0, 2946240.0, 778140.0, 3084840.0, 3069000.0, 1211760.0, 126720.0, 2946240.0, 1330560.0, 2225520.0, 15840, 1619640.0, 3326400.0, 1710720.0, 3168000.0, 1386000.0, 99000.0, 3807540.0, 950400.0, 2280960.0, 1683000.0, 3041280.0, 2086920.0, 15840, 2356200.0, 2494800.0, 2282940.0, 2376000.0, 6082560.0, 3928320.0, 7920, 3041280.0, 2946240.0, 1330560.0, 15840, 2946240.0, 3465000.0, 15840, 1980, 2946240.0, 506880.0, 3049200.0, 4435200.0, 2946240.0, 997920.0, 7920, 2209680.0, 1330560.0, 1710720.0, 2282940.0, 2962080.0, 1615680.0, 1615680.0, 1330560.0, 3334320.0, 2946240.0, 982080.0, 1948320.0, 2280960.0, 1615680.0, 1683000.0, 1710720.0, 1615680.0, 4296600.0, 7920, 4852980.0, 2356200.0, -3960, 2282940.0, 12165120.0, 95040.0, 1520640.0, 134640.0, 15840, 1774080.0, 15840, 2946240.0, 3326400.0, 1330560.0, 1980, 1683000.0, 1615680.0, 2154240.0, 4296600.0, 942480.0, 4435200.0, 2086920.0, 1782000.0, 3041280.0, 2356200.0, 1146420.0, 2376000.0, 1330560.0, 942480.0, 3069000.0, 2946240.0, 15840, 4057020.0, 3041280.0, 4308480.0, 1683000.0, 15840, 1710720.0, 2946240.0, 4852980.0, 1330560.0, 1718640.0, 2383920.0, 95040.0, 7920, 15840, 15840, 3465000.0, 1683000.0, 2282940.0, 245520.0, 2280960.0, 2086920.0, 778140.0, 4296600.0, 15840, 142560.0, 3168000.0, 1211760.0, 2282940.0, 15840, 2280960.0, 2383920.0, 997920.0, 3069000.0, 1940400.0, 15840, 269280.0, 4435200.0, 1980, 8616960.0, 1615680.0, 3326400.0, 2954160.0, 2476980.0, 7920, 2356200.0, 1386000.0, 2154240.0, 1330560.0, 1330560.0, 15840, 2288880.0, 2296800.0, 3944160.0, 538560.0, 1718640.0, 71280.0, 15840, 2280960.0, 3326400.0, 1386000.0, 3928320.0, 1285020.0, 15840, 2296800.0, 1710720.0, 2209680.0, 778140.0, 4296600.0, 110880.0, 1140480.0, 1140480.0, 3041280.0, 3928320.0, 1211760.0, 1211760.0, 7920, 1615680.0, 3807540.0, 1330560.0, 1782000.0, 2209680.0, 1330560.0, 15840, 3326400.0, 67320.0, 3326400.0, 3041280.0, 15840, 760320.0, 3326400.0, 396000.0, 2476980.0, 2494800.0, 7920, 1330560.0, 950400.0, 2154240.0, 2946240.0, 1615680.0, 3548160.0, 9123840.0, 2356200.0, 6336000.0, -3960, 3326400.0, 1330560.0, 1211760.0, 4057020.0, 15840, 1797840.0, 2209680.0, 1718640.0, 2376000.0, 2094840.0, 1940400.0, 3168000.0, 3041280.0, 1211760.0, 15840, 1285020.0, 4296600.0, 1940400.0, 1726560.0, 1285020.0, 2209680.0, 1980, 3326400.0, 2282940.0, 3041280.0, 253440.0, 15840, 1615680.0, 3465000.0, 2027520, 1386000.0, 1285020.0, 1774080.0, 942480.0, 2376000.0, 2280960.0, 2280960.0, 1980, 1683000.0, 2502720.0, 7096320.0, 4852980.0, 2494800.0, 1330560.0, 1774080.0, 1146420.0, 4057020.0, 2376000.0, 3168000.0, 2946240.0, 1718640.0, 7920, 2209680.0, 443520.0, 15840, 1710720.0, 126720.0, 190080.0, 12165120.0, 71280.0, 2288880.0, 1330560.0, 4296600.0, 2086920.0, 942480.0, 4057020.0, 1726560.0, 2086920.0, 1774080.0, 1980, 1710720.0, 7920, 1710720.0, 2962080.0, 2027520.0, 15840, 760320.0, 1584000.0, 4852980.0, 997920.0, 942480.0, 1940400.0, 2162160.0, 2154240.0, 2494800.0, 15840, 3928320.0, 982080.0, 1584000.0, 2356200.0, 3928320.0, 95040.0, 4296600.0, 3041280.0, 3069000.0, 2946240.0, 7920, 7920, 2282940.0, 16220160.0, 6082560.0, 778140.0, 2376000.0, 997920.0, 3472920.0, 2086920.0, 1718640.0, 3069000.0, 1615680.0, 2383920.0, 1615680.0, 3041280.0, 4435200.0, 3465000.0, 997920.0, 997920.0, 1330560.0, 2282940.0, 1683000.0, 4435200.0, 4435200.0, 1980, 15840, 1386000.0, 2494800.0, 3041280.0, 67320.0, 2280960.0, 4057020.0, 3069000.0, 3326400.0, 2376000.0, 7920, 7920, 95040.0, 942480.0, 1980, 2209680.0, 1330560.0, 2946240.0, 1710720.0, 3168000.0, 245520.0, 3928320.0, 1940400.0, 1330560.0, 1718640.0, 2376000.0, 3326400.0, 3326400.0, 3041280.0, 1330560.0, 1386000.0, 2494800.0, 15840, 1964160.0, 8616960.0, 134640.0, 2154240.0, 3057120.0, 3465000.0, 1211760.0, 1980, 2282940.0, 15840, 3928320.0, 760320.0, 3041280.0, 778140.0, 2209680.0, 778140.0, 2086920.0, 1683000.0, 1782000.0, 1980, 1980, 2376000.0, 1211760.0, 942480.0, 1285020.0, 4296600.0, 1940400.0, 99000.0, 8870400.0, 1980, 1774080.0, 1683000.0, 3326400.0, 2209680.0, 4435200.0, 4852980.0, 1330560.0, 2376000.0, 1285020.0, 2946240.0, 2154240.0, 538560.0, 7920, 2280960.0, 2356200.0, 15840, 2476980.0, 3326400.0, 1146420.0, 1146420.0, 7920, 1774080.0, 9123840.0, 277200.0, 1774080.0, 1140480.0, 15840, 2209680.0, 506880, 3326400.0, 2280960.0, 2376000.0, 1330560.0, 1710720.0, 2086920.0, 1940400.0, 942480.0, 1980, 1615680.0, 1710720.0, 1710720.0, 3041280.0, 2476980.0, 7920, 1346400.0, 3041280.0, 4852980.0, 942480.0, 3069000.0, 2154240.0, 1980, 1615680.0, 3168000.0, 2154240.0, 2494800.0, 2476980.0, 2946240.0, 1330560.0, 3084840.0, 1146420.0, 4057020.0, 3168000.0, 3326400.0, 778140.0, 71280.0, 4435200.0, 15840, 1330560.0, 1980, 2280960.0, 2376000.0, 15840, 997920.0, 1710720.0, 2209680.0, 1718640.0, 2954160.0, 4435200.0, 3041280.0, 8616960.0, 1980, 380160.0, 1619640.0, 3928320.0, 1108800.0, 2954160.0, 997920.0, 2280960.0, 3041280.0, 1615680.0, 538560.0, 4435200.0, 4561920.0, 4852980.0, 2476980.0, 2356200.0, 1386000.0, 1710720.0, 3041280.0, 2282940.0, 2356200.0, 2280960.0, 1330560.0, 443520.0, 285120.0, 1386000.0, 3041280.0, 1683000.0, 2946240.0, 4435200.0, 15840, 942480.0, 1782000.0, 1710720.0, 2946240.0, 1718640.0, 4296600.0, 7096320.0, 15840, 2027520.0, 3168000.0, 1615680.0, 1584000.0, 2476980.0, 3326400.0, 15840, 269280.0, 1940400.0, 1782000.0, 3041280.0, 1710720.0, 1980, 1683000.0, 1615680.0, 3049200.0, 245520.0, 2494800.0, 2282940.0, 1386000.0, 2376000.0, 2280960.0, 2280960.0, 1718640.0, 1980, 1782000.0, 142560.0, 15840, 15840, 2280960.0, 1211760.0, 2154240.0, 2494800.0, 2376000.0, 1774080.0, 1797840.0, 2209680.0, 1619640.0, 2094840.0, 2376000.0, 1146420.0, 3041280.0, 198000.0, 3465000.0, 1940400.0, 1710720.0, 4296600.0, 942480.0, 1710720.0, 1797840.0, 4443120.0, 3465000.0, 1718640.0, 1683000.0, 4055040.0, 7096320.0, 4852980.0, 491040.0, 126720.0, 15840, 1330560.0, 4057020.0, 7920, 2376000.0, 2154240.0, 4296600.0, 2209680.0, 1726560.0, 2502720.0, 15840, 443520.0, 7856640.0, 3548160.0, 2280960.0, 1211760.0, 2154240.0, 2217600.0, 3069000.0, 1774080.0, 2946240.0, 1774080.0, 2209680.0, 1211760.0, 506880.0, 1013760, 3041280.0, 4055040.0, 1940400.0, 138600.0, 3807540.0, 1940400.0, 1683000.0, 2946240.0, 1940400.0, 2162160.0, 2391840.0, 2282940.0, 2280960.0, 3041280.0, 1940400.0, 6336000.0, 2356200.0, 997920.0, 2154240.0, 7920, 2288880.0, 2086920.0, 2356200.0, 15840, 15840, 3041280.0, 2946240.0, 15840, 2376000.0, 380160.0, 3041280.0, 760320.0, 2280960.0, 2946240.0, 778140.0, 3326400.0, 15840, 3069000.0, 3069000.0, 1615680.0, 253440.0, 1146420.0, 17740800.0, 3465000.0, 997920.0, 2209680.0, 1774080.0, 1710720.0, 3326400.0, 3326400.0, 1710720.0, 3928320.0, 1386000.0, 3326400.0, 2946240.0, 3807540.0, 942480.0, 3041280.0, 1683000.0, 7920, 2376000.0, 2086920.0, 2476980.0, 4852980.0, 15840, 2502720.0, 2282940.0, 2376000.0, 3944160.0, 2154240.0, 1330560.0, 2962080.0, 3465000.0, 1980, 1615680.0, 15840, 1211760.0, 3041280.0, 8870400.0, 4304520.0, 997920.0, 15840, 1718640.0, 2217600.0, 1710720.0, 3326400.0, 2356200.0, 15840, 1615680.0, 1330560.0, 1285020.0, 2946240.0, 1980, 1940400.0, 3041280.0, 4435200.0, 1615680.0, 1619640.0, 63360, 4296600.0, 2356200.0, 3041280.0, 15840, 2356200.0, 1774080.0, 4057020.0, 190080.0, 760320.0, 67320.0, 1386000.0, 1718640.0, 3326400.0, 1980, 1683000.0, 1615680.0, 1211760.0, 4435200.0, 4296600.0, 1774080.0, 15840, 2217600.0, 2086920.0, 1782000.0, 3041280.0, 1211760.0, 2376000.0, 942480.0, 3084840.0, 2086920.0, 1330560.0, 1615680.0, 3041280.0, 2154240.0, 1683000.0, 1710720.0, 1710720.0, 2946240.0, 2476980.0, 3465000.0, 1346400.0, 1718640.0, 2376000.0, 2209680.0, 3041280.0, 1980, 3326400.0, 4435200.0, 3465000.0, 1683000.0, 3326400.0, 2280960.0, 2086920.0, 1774080.0, 4296600.0, 1774080.0, 285120.0, 3168000.0, 7920, 1211760.0, 2209680.0, 2280960.0, 1615680.0, 4435200.0, 997920.0, 1782000.0, 3069000.0, 1940400.0, 134640.0, 1980, 1980, 1615680.0, 3168000.0, 3807540.0, 2476980.0, 8870400.0, 2356200.0, 1401840.0, 1330560.0, 997920.0, 15840, 2280960.0, 2280960.0, 3928320.0, 1623600.0, 9123840.0, 3168000.0, 2356200.0, 277200.0, 2946240.0, 1401840.0, 4435200.0, 3928320.0, 2376000.0, 2282940.0, 3041280.0, 1710720.0, 2209680.0, 2086920.0, 15840, 570240.0, 4296600.0, 3057120.0, 1710720.0, 32440320, 3326400.0, 3807540.0, 1330560.0, 1782000.0, 1285020.0, 2209680.0, 1330560.0, 3326400.0, 2154240.0, 3041280.0, 1520640.0, 3326400.0, 3807540.0, 2476980.0, 2494800.0, 1330560.0, 2282940.0, 2154240.0, 2280960.0, 3041280.0, 1615680.0, 142560.0, 1774080.0, 3168000.0, 491040.0, 792000.0, 15840, 15840, 1330560.0, 1774080.0, 1211760.0, 4057020.0, 1782000.0, 2946240.0, 1330560.0, 2086920.0, 8110080.0, 3168000.0, 12165120.0, 190080.0, 1615680.0, 2280960.0, 950400.0, 1285020.0, 2946240.0, 1940400.0, 1710720.0, 1782000.0, 2086920.0, 1980, 2282940.0, 2282940.0, 4304520.0, 506880.0, 2280960.0, 1615680.0, 2356200.0, 3465000.0, 1386000.0, 1285020.0, 1774080.0, 1940400.0, 4435200.0, 2280960.0, 1980, 1683000.0, 1782000.0, 4852980.0, 15840, 2494800.0, 3928320.0, 1146420.0, 2376000.0, 3168000.0, 2946240.0, 1718640.0, 1615680.0, 2209680.0, 16220160.0, 380160.0, 15840, 2280960.0, 1948320.0, 2954160.0, 2094840.0, 1774080.0, 1710720.0, 2094840.0, 1774080.0, 1980, 253440, 2280960.0, 2154240.0, 1710720.0, 1013760.0, 6082560.0, -3960, 12672000.0, 4852980.0, 942480.0, 942480.0, 1940400.0, 2154240.0, 2154240.0, 2476980.0, 2494800.0, 1774080.0, 1964160.0, 1964160.0, 792000.0, 2356200.0, 3928320.0, 3041280.0, 3069000.0, 2946240.0, 7920, 2209680.0, 2282940.0, 2376000.0, 760320.0, 2376000.0, 997920.0, 2209680.0, 1718640.0, 3069000.0, 7920, 1710720.0, 1615680.0, 3041280.0, -3960, 2946240.0, 15713280.0, 99000.0, 8870400.0, 3168000.0, 1330560.0, 792000.0, 997920.0, 1338480.0, 2282940.0, 4435200.0, 4435200.0, 4852980.0, 1386000.0, 55440.0, 2494800.0, 15840, 3041280.0, 2154240.0, 2280960.0, 3928320.0, 3069000.0, 3326400.0, 15840, 15840, 2376000.0, 1146420.0, 3928320.0, 7920, 942480.0, 2209680.0, 1330560.0, 2086920.0, 2376000.0, 3168000.0, 491040.0, 3807540.0, 1940400.0, 1330560.0, 1330560.0, 2376000.0, 1683000.0, 15840, 1615680.0, 3041280.0, 2476980.0, 4852980.0, 1330560.0, 1386000.0, 3326400.0, 3041280.0, 2946240.0, 12165120.0, 2154240.0, 7920, 3944160.0, 3465000.0, 3326400.0, 15840, 1211760.0, 1211760.0, 760320.0, 1520640.0, 1789920.0, 7920, 778140.0, 2209680.0, 15840, 1683000.0, 3326400.0, 1980, 2376000.0, 1615680.0, 1211760.0, 950400.0, 7920, 138600.0, 2946240.0, 942480.0, 198000.0, 4435200.0, 1940400.0, 1789920.0, 380160.0, 1683000.0, 2282940.0, 15840, 3928320.0, 4852980.0, 7856640.0, 1330560.0, 3041280.0, 2946240.0, 4057020.0, 4435200.0, 4308480.0, 3041280.0, 15840, 2356200.0, 15840, 3326400.0, 1146420.0, 3928320.0, 3183840.0, 2282940.0, 1683000.0, 7920, 554400.0, 1774080.0, 570240.0, 15840, 15840, 15840, 1615680.0, 1615680.0, 15840, 2280960.0, 2376000.0, 1940400.0, 1726560.0, 15713280.0, 4296600.0, 1718640.0, 7920, 942480.0, 1774080.0, 12165120.0, 1615680.0, 3183840.0, 15840, 1710720.0, 3041280.0, 2476980.0, 1386000.0, 942480.0, 3069000.0, 2154240.0, 1980, 1615680.0, 2154240.0, 71280.0, 2494800.0, 15840, 2946240.0, 1346400.0, 3168000.0, 4057020.0, 2356200.0, 7920, 778140.0, 1710720.0, 15840, 1346400.0, 15840, 15840, 15840, 4296600.0, 2376000.0, 997920.0, 1797840.0, 7920, 1718640.0, 2946240.0, 1980, 1615680.0, 3928320.0, 2476980.0, 1980, 15840, 997920.0, 1797840.0, 2280960.0, 3041280.0, 1683000.0, 1077120.0, 506880.0, 9123840.0, 4852980.0, 2476980.0, 2360160.0, 1401840.0, 3928320.0, 2376000.0, 2280960.0, 1330560.0, 1782000.0, 3548160.0, 142560.0, 570240.0, 1386000.0, 6082560.0, 2154240.0, 2946240.0, 4435200.0, 2376000.0, 942480.0, 1782000.0, 1710720.0, 2209680.0, 1718640.0, 2086920.0, 4296600.0, 2494800.0, 1013760.0, 3168000.0, 380160.0, 3168000.0, 2476980.0, 1285020.0, 1386000.0, 3807540.0, 1940400.0, 1782000.0, 3041280.0, 1710720.0, 1690920.0, 3326400.0, 16220160.0, 1964160.0, 2494800.0, 1386000.0, 2376000.0, 2280960.0, 2280960.0, 1718640.0, 1980, 1782000.0, 1330560.0, 285120.0, 55440.0, 2376000.0, 1211760.0, 2154240.0, 2376000.0, 1789920.0, -3960, 1782000.0, 1940400.0, 2086920.0, 1146420.0, 3041280.0, 99000.0, 3465000.0, 3326400.0, 1940400.0, 1285020.0, 2086920.0, 942480.0, 1710720.0, 4435200.0, 1980, 1710720.0, 7920, 1690920.0, 3041280.0, 4852980.0, 99000.0, 1980, 1330560.0, 3326400.0, 2376000.0, 2280960.0, 2209680.0, 1710720.0, 2494800.0, 887040.0, 3928320.0, 7096320.0, 2391840.0, 3928320.0, 1146420.0, 2280960.0, 3069000.0, 1980, 2946240.0, 778140.0, 1386000.0, 2209680.0, 1211760.0, 253440.0, 1013760.0, 3069000.0, 8110080.0, 277200.0, 3807540.0, 1330560.0, 2946240.0, 1734480.0, 3041280.0, 4435200.0, 2282940.0, 1710720.0, 3041280.0, 2494800.0, 3326400.0, 3168000.0, 4852980.0, 15840, 997920.0, 2946240.0, 2154240.0, 3041280.0, 4443120.0, 2086920.0, 2356200.0, 2946240.0, 190080.0, 3326400.0, 3041280.0, 1520640.0, 2280960.0, 15840, 7920, 2946240.0, 778140.0, 7920, 3069000.0, 3069000.0, 15840, 1615680.0, 506880.0, 1146420.0, 2946240.0, 997920.0, 2209680.0, 1774080.0, 1108800.0, 1710720.0, 1615680.0, 4852980.0, 2494800.0, 3326400.0, 1710720.0, 3168000.0, 1386000.0, 2946240.0, 2946240.0, 942480.0, 6082560.0, 2280960.0, 1683000.0, 3041280.0, 4296600.0, 4852980.0, 3041280.0, 2494800.0, 2282940.0, 2376000.0, 95040.0, 3928320.0, 7920, 1330560.0, 3168000.0, 2946240.0, 3465000.0, 1683000.0, 1211760.0, 3041280.0, 4296600.0, 942480.0, 554400.0, 2086920.0, 1718640.0, 982080.0, 3330360.0, 2376000.0, 3168000.0, 1330560.0, 1285020.0, 3069000.0, 7920, 1940400.0, 3041280.0, 4435200.0, 1615680.0, 1683000.0, 15840, 1619640.0, 4296600.0, 3465000.0, 2356200.0, 1789920.0, 2376000.0, 4057020.0, 380160.0, 7920, 1718640.0, 2280960.0, 3326400.0, 3465000.0, 15840, 1683000.0, 1623600.0, 1285020.0, 15840, 253440.0, 7920, 2086920.0, 1774080.0, 1108800.0, 2946240.0, 1782000.0, 3041280.0, 1211760.0, 1980, 2376000.0, 4308480.0, 506880.0, 942480.0, 3069000.0, 2946240.0, 1330560.0, 8616960.0, 2162160.0, 1077120.0, 1683000.0, 1710720.0, 1710720.0, 2946240.0, 17740800.0, 3465000.0, 1330560.0, 15840, 1718640.0, 2376000.0, 2280960.0, 3928320.0, 2280960.0, 3928320.0, 2494800.0, 3465000.0, 1683000.0, 3041280.0, 2154240.0, 2086920.0, 942480.0, 4296600.0, 1774080.0, 15840, 1615680.0, 3041280.0, 16220160, 2282940.0, 2280960.0, 1386000.0, 997920.0, 1782000.0, 3069000.0, 1718640.0, 67320.0, 4435200.0, 1615680.0, 3183840.0, 2946240.0, 3807540.0, 7920, 1386000.0, 1330560.0, 1330560.0, 997920.0, 2280960.0, 2280960.0, 3928320.0, 1615680.0, 9123840.0, 15840, 2494800.0, 15840, 198000.0, 3326400.0, 1386000.0, 3168000.0, 3041280.0, 2376000.0, 2282940.0, 2280960.0, 1710720.0, 2209680.0, 2086920.0, 285120.0, 506880, 15840, 3807540.0, 1330560.0, 1710720.0, 2946240.0, 1330560.0, 3326400.0, 1615680.0, 3041280.0, 3326400.0, 245520.0, 99000.0, 15840, 2494800.0, 1346400.0, 997920.0, 2154240.0, 3944160.0, 1718640.0, 1683000.0, 285120.0, 887040.0, 2280960.0, 4852980.0, 1584000.0, 99000.0, 2494800.0, 1330560.0, 15840, 1211760.0, 7920, 3928320.0, 4304520.0, 15840, 1782000.0, 2962080.0, 1718640.0, 2086920.0, 4055040.0, 3168000.0, 1520640.0, 1211760.0, 2280960.0, 942480.0, 1285020.0, 3465000.0, 2946240.0, 1940400.0, 1710720.0, 1782000.0, 2086920.0, 1980, 2376000.0, 2282940.0, 4057020.0, 3326400.0, 2356200.0, 12672000.0, 3465000.0, 7920, 1386000.0, 1710720.0, 1774080.0, 942480.0, 2376000.0, 4435200.0, 1718640.0, 2296800.0, 1980, 1683000.0, 2356200.0, 7920, 15840, 2356200.0, 3944160.0, 1146420.0, 7920, 15840, 2376000.0, 3168000.0, -3960, 15840, 3084840.0, 1718640.0, 2225520.0, 7096320.0, 3168000.0, 15840, 190080.0, 3326400.0, 15840, 15840, 4296600.0, 1774080.0, 15840, 1710720.0, 3084840.0, 1789920.0, 1980, 1710720.0, 4304520.0, 1718640.0, 506880.0, 1615680.0, 3041280.0, 3334320.0, 3928320.0, 950400.0, 942480.0, 1940400.0, -3960, 3041280.0, 2162160.0, 15840, 1710720.0, 1386000.0, 3548160.0, 982080.0, 6336000.0, 2356200.0, 3049200.0, 3041280.0, 3928320.0, 3069000.0, 2946240.0, 4561920.0, 221760.0, 2282940.0, 4055040.0, 2376000.0, 15840, 1520640.0, 3049200.0, 2376000.0, 997920.0, 15840, 2209680.0, 1718640.0, 3069000.0, 2280960.0, 1718640.0, 1619640.0, 15840, 3041280.0, 15840, 1108800.0, 3465000.0, 997920.0, 1584000.0, 997920.0, 1330560.0, 2282940.0, 4443120.0, 4443120.0, 4852980.0, 1386000.0, 1718640.0, 2356200.0, 2376000.0, 15713280.0, 3041280.0, 4308480.0, 1615680.0, 3041280.0, 3168000.0, 3069000.0, 3326400.0, 3465000.0, 15840, 2282940.0, 3928320.0, 380160.0, 942480.0, 3041280.0, 2209680.0, 1338480.0, 2946240.0, 2376000.0, 3168000.0, 2280960.0, 8870400.0, 277200.0, 3326400.0, 1940400.0, 1710720.0, 1330560.0, 1718640.0, 2376000.0, 1683000.0, 3326400.0, 1615680.0, 3049200.0, 2360160.0, 1330560.0, 1386000.0, 3041280.0, 2494800.0, 2962080.0, 2280960.0, 67320.0, 3041280.0, 3465000.0, 3326400.0, 1211760.0, 1615680.0, 4057020.0, 2494800.0, 190080.0, 12165120.0, 1774080.0, 778140.0, 2209680.0, 3326400.0, 2280960.0, 1683000.0, 2280960.0, 3168000.0, 1211760.0, 942480.0, 1108800.0, 942480.0, 396000.0, 1940400.0, 1718640.0, 190080.0, 1615680.0, 2282940.0, 3326400.0, 3944160.0, 1330560.0, 4296600.0, 3069000.0, 4057020.0, 1077120.0, 2154240.0, 2154240.0, 15840, 2356200.0, 3472920.0, 1146420.0, 3928320.0, 1782000.0, 778140.0, 1108800.0, 1789920.0, 4561920.0, 4435200.0, 2946240.0, 1330560.0, 2027520, 2280960.0, 4296600.0, 1940400.0, 1710720.0, 4296600.0, 1718640.0, 17740800.0, 778140.0, 1615680.0, 3168000.0, 1710720.0, 2476980.0, 4296600.0, 4435200.0, 3807540.0, 950400.0, 3069000.0, 2280960.0, 1615680.0, 4435200.0, 4296600.0, 7920, 15840, 142560.0, 2494800.0, 2946240.0, 2946240.0, 1330560.0, 3041280.0, 1718640.0, 285120.0, 55440.0, 1386000.0, 2376000.0, 2280960.0, 3041280.0, 2391840.0, 1330560.0, 1782000.0, 2086920.0, 1330560.0, 2946240.0, 1980, 3041280.0, 3168000.0, 15840, 1615680.0, 3928320.0, 3326400.0, 2476980.0, 7920, 2946240.0, 1013760.0, 1782000.0, 3084840.0, 2280960.0, 2280960.0, 3041280.0, 1683000.0, 2154240.0, 4435200.0, 2476980.0, 2356200.0, 1386000.0, 1386000.0, 3928320.0, 2376000.0, 2280960.0, 3334320.0, 1330560.0, 1782000.0, 1774080.0, 1330560.0, 1140480.0, 1386000.0, 2376000.0, 4435200.0, 2376000.0, 942480.0, 1726560.0, 2209680.0, 1330560.0, 4296600.0, 1146420.0, 8110080.0, 3183840.0, 760320.0, 190080.0, 6336000.0, 1726560.0, 1710720.0, 1940400.0, 1710720.0, 3041280.0, 1615680.0, 1615680.0, 3330360.0, 3041280.0, 2360160.0, 1710720.0, 2376000.0, 2494800.0, 15840, 1386000.0, 1940400.0, 2280960.0, 2154240.0, 1718640.0, 1980, 1710720.0, 7920, 15713280.0, 110880.0, 6082560.0, 1211760.0, 4435200.0, 1774080.0, 15840, 1782000.0, 2946240.0, 3326400.0, 2086920.0, 221760.0, 126720.0, 3057120.0, 2946240.0, 3472920.0, 3326400.0, 1940400.0, 1285020.0, 2086920.0, 942480.0, 1710720.0, 4435200.0, 2280960.0, 3168000.0, 1683000.0, 3041280.0, 1782000.0, 3807540.0, 198000.0, 15840, 1330560.0, 4057020.0, 2376000.0, 2154240.0, 2209680.0, 1710720.0, 2494800.0, 1774080.0, 2946240.0, 2086920.0, 2376000.0, 12165120.0, 3326400.0, 3928320.0, 1146420.0, 2280960.0, 15840, 3069000.0, 778140.0, 15840, 15840, 3069000.0, 1774080.0, 2209680.0, 1211760.0, 2282940.0, 2027520.0, 760320.0, 16220160.0, 554400.0, 3807540.0, 1980, 15840, 4296600.0, 1718640.0, -3960, 15840, 3326400.0, 4852980.0, 3326400.0, 1718640.0, 3807540.0, 55440.0, 982080.0, 1584000.0, 2356200.0, 2946240.0, 1330560.0, 2154240.0, 7920, 4435200.0, 2086920.0, 15840, 2356200.0, 3041280.0, 1330560.0, 2946240.0, 2282940.0, 95040.0, 2502720.0, 4057020.0, 3041280.0, 1710720.0, 2280960.0, 2946240.0, 1330560.0, 15840, 3069000.0, 3069000.0, 1623600.0, 2376000.0, -3960, 15840, 4435200.0, 2946240.0, 997920.0, 2086920.0, 2209680.0, 1330560.0, 1710720.0, 1615680.0, 3326400.0, 1619640.0, 3928320.0, 1386000.0, 2946240.0, 3807540.0, 997920.0, 3041280.0, 2280960.0, 1683000.0, 3334320.0, 2376000.0, 2094840.0, 1782000.0, 3326400.0, 3326400.0, 15840, 2376000.0, 190080.0, 3928320.0, 7920, 1338480.0, 15840, 15840, 2946240.0, 4435200.0, 3465000.0, 1980, 1683000.0, 15840, 1285020.0, 1219680.0, 15840, 16220160.0, 3326400.0, 4296600.0, 942480.0, 1980, 277200.0, 2086920.0, 1718640.0, 1782000.0, 3326400.0, 4296600.0, 2383920.0, 1330560.0, 3326400.0, 1285020.0, 1285020.0, 3069000.0, 3326400.0, 1940400.0, 4435200.0, 1615680.0, 1683000.0, 1615680.0, 1615680.0, 4304520.0, 15840, 3465000.0, 2360160.0, 1718640.0, 2282940.0, 2376000.0, 1520640.0, 15840, 1718640.0, 3168000.0, 3326400.0, 3465000.0, 7920, 1615680.0, 15840, 15840, 4435200.0, 7920, 4296600.0, 1774080.0, 2954160.0, 3049200.0, 1710720.0, 1683000.0, 1146420.0, 2288880.0, 15840, 3807540.0, 997920.0, 3069000.0, 4296600.0, 1330560.0, 4308480.0, 2154240.0, 538560.0, 1615680.0, 1710720.0, 4296600.0, 1710720.0, 2946240.0, 2356200.0, 1330560.0, 15840, 2356200.0, 1718640.0, 2154240.0, 1980, 2280960.0, 380160.0, 3928320.0, 8616960.0, 2280960.0, 1140480.0, 2502720.0, 2946240.0, 1386000.0, 1683000.0, 3041280.0, 15840, 2154240.0, 2086920.0, 778140.0, 4296600.0, 1774080.0, 71280.0, 1615680.0, 3041280.0, 1211760.0, 2280960.0, 15840, 2946240.0, 997920.0, 1782000.0, 15840, 3084840.0, 1330560.0, 3326400.0, 15840, 1615680.0, 3168000.0, 2356200.0, 2476980.0, 942480.0, 2494800.0, 1386000.0, 1330560.0, 2296800.0, 997920.0, 2280960.0, 2376000.0, 3928320.0, 1615680.0, 2154240.0, 15840, 2494800.0, 2494800.0, 396000.0, 3326400.0, 1386000.0, 3928320.0, 2376000.0, 4296600.0, 2280960.0, 1710720.0, 2209680.0, 1330560.0, 2086920.0, 2280960.0, 142560.0, 9123840.0, 3168000.0, 7920, 1940400.0, 3807540.0, 2946240.0, 1940400.0, 1710720.0, 3069000.0, 1718640.0, 3326400.0, 380160.0, 538560.0, 3041280.0, 3326400.0, 2494800.0, 15840, 1401840.0, 1782000.0, 942480.0, 3465000.0, 2280960.0, 3041280.0, 1683000.0, 443520.0, 4561920.0, 122760.0, 2494800.0, 1346400.0, 2280960.0, 1211760.0, 3168000.0, 3928320.0, 2946240.0, 2391840.0, 1782000.0, 2946240.0, 1718640.0, 2209680.0, 7096320.0, 1774080.0, 2027520.0, 3183840.0, 3041280.0, 760320.0, 1211760.0, 2280960.0, 942480.0, 1285020.0, 126720.0, 2946240.0, 1940400.0, 1782000.0, 2209680.0, 1718640.0, 122760.0, 2282940.0, 3326400.0, 126720.0, 190080.0, 12165120.0, 1584000.0, 3465000.0, 3041280.0, 1386000.0, 1774080.0, 942480.0, 4435200.0, 2280960.0, 1980, 1782000.0, 3041280.0, 2356200.0, 4057020.0, 1146420.0, -3960, 3168000.0, 2280960.0, -3960, 3069000.0, 1774080.0, 2209680.0, 95040.0, 380160.0, 7920, 2376000.0, 1940400.0, 4296600.0, 1718640.0, 1710720.0, 2954160.0, 1774080.0, 1980, 1710720.0, 1710720.0, 253440.0, 16220160.0, 3928320.0, 95040.0, 3326400.0, 3807540.0, 942480.0, 950400.0, 1940400.0, 15840, 3041280.0, 2154240.0, 1690920.0, 1710720.0, 1386000.0, 1718640.0, 2356200.0, 4435200.0, 3168000.0, 3928320.0, 1285020.0, 3041280.0, 3168000.0, 2962080.0, 8110080.0, 2376000.0, 3041280.0, 2209680.0, 1615680.0, 997920.0, 67320.0, 2086920.0, 1980, -3960, 2946240.0, 778140.0, 1615680.0, 1980, 1615680.0, 1615680.0, 3041280.0, 3928320.0, 396000.0, 2217600.0, 2946240.0, 997920.0, 3168000.0, 997920.0, 1330560.0, 2282940.0, 1619640.0, 4435200.0, 7920, 4852980.0, 1330560.0, 3928320.0, 2356200.0, 245520.0, 1520640.0, 538560.0, 1774080.0, 7920, 3041280.0, 3041280.0, 3069000.0, 3326400.0, 15840, 2282940.0, 1615680.0, 3928320.0, 12165120.0, 190080.0, 942480.0, 2946240.0, 4435200.0, 2946240.0, 7920, 2376000.0, 3168000.0, 15840, 122760.0, 1940400.0, 4852980.0, 3807540.0, 1980, 1338480.0, 1718640.0, 2391840.0, 1683000.0, 3326400.0, 1615680.0, 3041280.0, 2356200.0, 1330560.0, 1401840.0, 2154240.0, 2494800.0, 3928320.0, 2946240.0, 2280960.0, 3928320.0, 3465000.0, 3326400.0, 1386000.0, 2280960.0, 1211760.0, 15840, -3960, 1211760.0, 2494800.0, 3041280.0, 380160.0, 1774080.0, 778140.0, 2086920.0, 1683000.0, 3465000.0, 2280960.0, 4296600.0, 1211760.0, 15840, 1940400.0, 1710720.0, 8870400.0, 942480.0, 17740800.0, 1980, 1718640.0, 1615680.0, 1615680.0, 2282940.0, 3326400.0, 3928320.0, 1980, 1330560.0, 2154240.0, 3069000.0, 4057020.0, 2356200.0, 538560.0, 2154240.0, 2086920.0, 67320.0, 2280960.0, 15840, 4435200.0, 3807540.0, 3168000.0, 1615680.0, 1146420.0, 3928320.0, 1211760.0, 1108800.0, 778140.0, 1140480.0, 2217600.0, 1774080.0, 2280960.0, 3069000.0, 1330560.0, 3057120.0, 4055040, 2282940.0, 2296800.0, 2383920.0, 15840, 1948320.0, 1710720.0, 4296600.0, 1734480.0, 138600.0, 4296600.0, 1774080.0, 538560.0, 3168000.0, 2280960.0, 4057020.0, 2476980.0, 15840, 2356200.0, 2946240.0, 942480.0, 2376000.0, 4435200.0, 1615680.0, 8616960.0, 2280960.0, 285120.0, 15840, 15840, 15840, 1330560.0, 1386000.0, 3041280.0, 2376000.0, 3807540.0, 1718640.0, 142560.0, 2494800.0, 1386000.0, 2376000.0, 4055040, 7920, 2280960.0, 15840, 2376000.0, 997920.0, 1782000.0, 7920, 2086920.0, 1330560.0, 7920, 2494800.0, 1980, 3041280.0, 3168000.0, 1615680.0, 99000.0, 997920.0, 1782000.0, 3057120.0, 1615680.0, 1683000.0, 4308480.0, 2154240.0, 1980, 2356200.0, 1386000.0, 1386000.0, 2376000.0, 7920, 2280960.0, 1774080.0, 2086920.0, 1782000.0, 7920, 55440.0, 2280960.0, 8110080, 7920, 15840, 2282940.0, 2376000.0, 1013760.0, 1710720.0, 7920, 4296600.0, 887040.0, 15840, 134640.0, 4055040.0, 1980, 1520640.0, 95040.0, 12672000.0, 1285020.0, 15840, 1330560.0, 1726560.0, 7920, 3465000.0, 1615680.0, 1683000.0, 3326400.0, 3041280.0, 443520.0, 2356200.0, 792000.0, 2494800.0, 1330560.0, 1710720.0, 2280960.0, 7920, 1718640.0, 1710720.0, 15840, 7096320.0, 221760.0, 3041280.0, 2360160.0, 1219680.0, 2154240.0, 1980, 3069000.0, 778140.0, 1782000.0, 2946240.0, 7920, 2086920.0, 110880.0, 1219680.0, 3041280.0, -3960, 15840, 6336000.0, 1285020.0, 3326400.0, 1940400.0, 3041280.0, 4296600.0, 1940400.0, 4435200.0, 4435200.0, 3326400.0, 3041280.0, 2282940.0, 3041280.0, 396000.0, 15840, 122760.0, 1346400.0, 2376000.0, 2154240.0, 2209680.0, 3326400.0, 3928320.0, 3548160.0, 3807540.0, 2376000.0, 3041280.0, 15840, 2154240.0, 3069000.0, 3069000.0, 1774080.0, 2209680.0, 3326400.0, 1211760.0, 2282940.0, 4055040.0, 12672000.0, 3807540.0, 1330560.0, 7920, 4296600.0, 1718640.0, 15840, 245520.0, 3326400.0, 15840, 3330360.0, 7920, 1710720.0, 3928320.0, 110880.0, 1964160.0, 792000.0, 15713280.0, 2946240.0, 1013760.0, 1615680.0, 2154240.0, 1710720.0, 2383920.0, 2086920.0, 2494800.0, 1386000.0, 491040.0, 2494800.0, 2282940.0, 760320.0, 4057020.0, 7920, 6082560.0, 3041280.0, 2946240.0, 1718640.0, 3069000.0, 4435200.0, 1615680.0, 15840, 15840, 4055040.0, -3960, 2946240.0, 997920.0, 15840, 1330560.0, 1710720.0, 2282940.0, 1710720.0, 1615680.0, 1615680.0, 1386000.0, 7920, 15840, 2946240.0, 1615680.0, 997920.0, 2280960.0, 1683000.0, 1615680.0, 4296600.0, -3960, 3334320.0, 2494800.0, 2376000.0, 380160.0, 2280960.0, 1782000.0, 1734480.0, 3069000.0, 2946240.0, 3472920.0, 1980, 1683000.0, 15840, 2154240.0, 4296600.0, 942480.0, 138600.0, 2094840.0, 778140.0, 15840, 1782000.0, 3326400.0, 15840, 55440.0, 506880, 1734480.0, 2376000.0, 1330560.0, 1285020.0, 942480.0, 1285020.0, 3069000.0, 15713280.0, 942480.0, 4443120.0, 1615680.0, 2154240.0, 1615680.0, 2946240.0, 4296600.0, 110880.0, 3465000.0, 1386000.0, 2494800.0, 1718640.0, 2376000.0, 2282940.0, 2376000.0, 4057020.0, 1797840.0, 1718640.0, 285120.0, 1980, -3960, 3326400.0, 3465000.0, 1615680.0, 3041280.0, 6082560.0, 15840, 7856640.0, 2086920.0, 1774080.0, 2946240.0, 2376000.0, 2288880.0, 1146420.0, 1980, 2280960.0, 2086920.0, 3807540.0, 997920.0, 7920, 4296600.0, 1338480.0, 3069000.0, 2154240.0, 4435200.0, 1615680.0, 2946240.0, 1710720.0, 2946240.0, 1940400.0, 2360160.0, 1330560.0, 4852980.0, 1734480.0, 2280960.0, 190080.0, 4057020.0, 4308480.0, 4561920.0, 15840, 570240.0, 142560.0, 2494800.0, 3069000.0, 15840, 3326400.0, 1683000.0, 3049200.0, 4296600.0, 2162160.0, 1710720.0, 2086920.0, 778140.0, 4296600.0, 1774080.0, 9123840.0, 2280960.0, 31680, 3041280.0, 1211760.0, 2946240.0, 2954160.0, 1330560.0, 1782000.0, 3069000.0, 1980, 1615680.0, 7920, 3326400.0, 3168000.0, 15840, 3326400.0, 3807540.0, 2494800.0, 1386000.0, 1330560.0, 4296600.0, 997920.0, 2376000.0, 2383920.0, 3041280.0, 1615680.0, 2356200.0, 2494800.0, 1386000.0, 126720, 15840, 3944160.0, 2376000.0, 3168000.0, 2280960.0, 1710720.0, 2209680.0, 1980, 2296800.0, 7920, 2086920.0, 71280.0, 506880.0, 3168000.0, 4435200.0, 3472920.0, 1940400.0, 4296600.0, 1940400.0, 1710720.0, 2209680.0, 1980, 7920, 3326400.0, 1980, 1077120.0, 3326400.0, 12165120.0, 3326400.0, 122760.0, 3326400.0, 1386000.0, 8110080.0, 942480.0, 7920, 380160.0, 2280960.0, 1683000.0, 3041280.0, 570240.0, 2356200.0, 396000.0, 2494800.0, 1330560.0, 1211760.0, 2376000.0, 1782000.0, 2946240.0, 1718640.0, 1980, 2209680.0, 3548160.0, 3548160.0, 1013760.0, 253440.0, 6082560.0, 6082560.0, 2946240.0, 1211760.0, 2280960.0, 1330560.0, 1285020.0, 2946240.0, 942480.0, 1782000.0, 15840, 1774080.0, 15840, 2282940.0, 3326400.0, 16220160.0, 4055040.0, 380160.0, 3168000.0, 792000.0, 3465000.0, 942480.0, 1774080.0, 1940400.0, 7920, 7920, 3041280.0, 1782000.0, 1718640.0, 4435200.0, 12672000.0, 2356200.0, 4057020.0, 1146420.0, 3326400.0, 7920, 3168000.0, 3183840.0, 3069000.0, 1774080.0, 2209680.0, 15840, 3326400.0, 15840, 2376000.0, 1940400.0, 7920, 1718640.0, 1710720.0, 3069000.0, 1774080.0, 1710720.0, 1710720.0, 1615680.0, 15840, 15840, 3326400.0, 3465000.0, 942480.0, 997920.0, 1940400.0, 2282940.0, 7920, 3041280.0, 2280960.0, 1710720.0, 1401840.0, 887040.0, 3168000.0, 2360160.0, 15713280.0, 2376000.0, 3928320.0, 134640.0, 15840, 7920, 3041280.0, 3928320.0, 15840, 3069000.0, 2946240.0, 3326400.0, 55440.0, 3928320.0, 1013760.0, 2376000.0, 3168000.0, 3041280.0, 1615680.0, 997920.0, 15840, 2086920.0, 1330560.0, 15840, -3960, 4296600.0, 1615680.0, 1980, 1615680.0, 3057120.0, 15840, 1211760.0, 7856640.0, 198000.0, 7856640.0, 3326400.0, 1013760.0, 6336000.0, 997920.0, 2280960.0, 2282940.0, 7920, 15840, 3326400.0, 2154240.0, 15840, 1330560.0, 4296600.0, 491040.0, 2476980.0, 3928320.0, 760320.0, 1077120.0, 67320.0, 2296800.0, 3041280.0, 3069000.0, 15840, 3334320.0, 15840, 1710720.0, 2282940.0, 7920, 12165120.0, 1520640.0, 942480.0, 2225520.0, 15840, 2086920.0, 1683000.0, 15840, 2376000.0, 15840, 3168000.0, 15840, 1940400.0, 15840, 4304520.0, 1980, 2154240.0, 1980, 1718640.0, 2376000.0, 1690920.0, 3326400.0, 4443120.0, 2376000.0, 4435200.0, 15840, 15840, 126720, 2494800.0, 2946240.0, 4057020.0, 2162160.0, 269280.0, 2280960.0, 1386000.0, 2946240.0, 3069000.0, 15840, 3472920.0, 3334320.0, 15840, 1211760.0, 1211760.0, 4057020.0, 1774080.0, 2946240.0, 1774080.0, 2094840.0, 1683000.0, 2376000.0, 2280960.0, 15840, 3041280.0, 1211760.0, 1330560.0, 1285020.0, 4435200.0, 1948320.0, 1940400.0, 1774080.0, 1623600.0, 2282940.0, 3326400.0, 3041280.0, 1386000.0, 1330560.0, 997920.0, 2476980.0, 3069000.0, 190080.0, 1615680.0, 4308480.0, 2154240.0, 8616960.0, 134640.0, 2280960.0, 1615680.0, 2356200.0, 2280960.0, 3807540.0, 1146420.0, 3928320.0, 1211760.0, 2376000.0, 3326400.0, 778140.0, 570240.0, 4435200.0, 1774080.0, 2225520.0, 1330560.0, 2280960.0, 1615680.0, 2282940.0, 2376000.0, 2376000.0, 1940400.0, 1710720.0, 4296600.0, 1718640.0, 3465000.0, 1774080.0, 1520640.0, 1077120.0, 1710720.0, 1710720.0, 3928320.0, 2476980.0, 2356200.0, 3807540.0, 942480.0, 3326400.0, 4435200.0, 1623600.0, 2162160.0, 570240.0, 2494800.0, 2494800.0, 1330560.0, 3049200.0, 2282940.0, 1718640.0, 126720, 221760.0, 9123840.0, 15840, 1386000.0, 2027520, 2376000.0, 2280960.0, 3049200.0, 2376000.0, 997920.0, 1782000.0, 1710720.0, 2086920.0, 1330560.0, 138600.0, 1980, 1615680.0, 3168000.0, 1710720.0, 2280960.0, 198000.0, 3326400.0, 7920, 997920.0, 1782000.0, 2280960.0, 1615680.0, 3465000.0, 1964160.0, 1615680.0, 2154240.0, 122760.0, 2494800.0, 1386000.0, 1386000.0, 2376000.0, 2288880.0, 2376000.0, 1774080.0, 1782000.0, 2280960.0, 7096320.0, 110880.0, 4561920.0, 2027520.0, 2356200.0, 15840, 1211760.0, 4435200.0, 2376000.0, 997920.0, 2946240.0, 1710720.0, 2209680.0, 778140.0, 2209680.0, 443520.0, 269280.0, 1980, 3041280.0, 3326400.0, 7920, 950400.0, 3041280.0, 4296600.0, 1330560.0, 1710720.0, 15840, 4435200.0, 3326400.0, 1710720.0, 1615680.0, 2027520.0, 887040.0, 3928320.0, 1584000.0, 2494800.0, 1330560.0, 4057020.0, 3168000.0, 2280960.0, 2154240.0, 2494800.0, 1683000.0, 2209680.0, 1710720.0, 3928320.0, 15840, 443520.0, 95040.0, 1520640.0, 1211760.0, 2376000.0, 2162160.0, 15840, 15840, 1774080.0, 1782000.0, 2946240.0, 1774080.0, 778140.0, 2086920.0, 1146420.0, 16220160.0, -3960, 3168000.0, 3465000.0, 3326400.0, 1948320.0, 1285020.0, 8870400.0, 2086920.0, 1940400.0, 4435200.0, 1710720.0, 1683000.0, 3041280.0, 15840, 3928320.0, 997920.0, 1615680.0, 2376000.0, 2280960.0, 2209680.0, 55440.0, 2494800.0, 491040.0, 4435200.0, 2376000.0, 3928320.0, 3041280.0, 1146420.0, 7920, 15840, 3084840.0, 3069000.0, 1774080.0, 2280960.0, 3465000.0, 2209680.0, 1615680.0, 8110080.0, 15840, 3807540.0, 3168000.0, 3465000.0, 1980, 491040.0, 1718640.0, 3326400.0, 3326400.0, 1710720.0, 3168000.0, 221760.0, 3326400.0, 3928320.0, 396000.0, 4852980.0, 2946240.0, 997920.0, 7920, 1683000.0, 2376000.0, 2086920.0, 2086920.0, 2494800.0, 2494800.0, 2282940.0, 2376000.0, 1520640.0, 7920, 12165120.0, 2280960.0, 2946240.0, 1718640.0, 55440.0, 3084840.0, 3465000.0, 7920, 1615680.0, 1211760.0, 126720.0, 2027520.0, 15840, 1108800.0, 277200.0, 1013760.0, 2946240.0, 1330560.0, 1782000.0, 1710720.0, 15840, 1710720.0, 1615680.0, 1980, 1615680.0, 1386000.0, 1285020.0, 253440.0, 2946240.0, 3928320.0, 942480.0, 2280960.0, 1690920.0, 1615680.0, 3326400.0, 2217600.0, 4296600.0, 15840, 15840, 3326400.0, 2356200.0, 2280960.0, 2376000.0, 6082560.0, 1718640.0, 1980, 2946240.0, 15840, 3465000.0, 3472920.0, 1980, 1690920.0, 1615680.0, 1211760.0, 4435200.0, 15840, 4296600.0, 942480.0, 3041280.0, 1386000.0, 2209680.0, 778140.0, 2946240.0, 1782000.0, 253440, 15840, 2376000.0, 1330560.0, 1285020.0, -3960, 950400.0, 1710720.0, 3069000.0, 2946240.0, 942480.0, 3041280.0, 3041280.0, 1615680.0, 1690920.0, 1710720.0, 1710720.0, 2946240.0, 3168000.0, 3465000.0, 1330560.0, 2494800.0, 1718640.0, 2282940.0, 2376000.0, 380160.0, 12165120.0, 778140.0, 142560.0, 15840, 3326400.0, 3465000.0, 15840, 1683000.0, 1615680.0, 2282940.0, 4296600.0, 2154240.0, 2094840.0, 1774080.0, 2946240.0, 1774080.0, 3041280.0, 15840, 1146420.0, 1980, 2280960.0, 3465000.0, 3807540.0, 1013760.0, 2946240.0, 1980, 1077120.0, 2154240.0, 95040.0, 1623600.0, 1718640.0, 2280960.0, 2946240.0, 2476980.0, 15840, 31680, 1330560.0, 2356200.0, 1330560.0, 12165120.0, 2280960.0, 95040.0, 4057020.0, 2154240.0, 570240.0, 285120.0, 2494800.0, 3041280.0, 15840, 3326400.0, 15840, 7920, 1683000.0, 3041280.0, 2376000.0, 2154240.0, 1726560.0, 2225520.0, 778140.0, 17740800.0, 3041280.0, 4561920.0, 4561920.0, 3168000.0, 7920, 15840, 1219680.0, 1146420.0, 2280960.0, 997920.0, 1797840.0, 3069000.0, 1980, 1619640.0, 269280.0, 3330360.0, 2282940.0, 3041280.0, 3326400.0, 3807540.0, 2476980.0, 2494800.0, 3168000.0, 1330560.0, 997920.0, 2376000.0, 3928320.0, 1615680.0, 2360160.0, 99000.0, 7920, 1797840.0, 1211760.0, 1683000.0, 3928320.0, 2376000.0, 2280960.0, 1782000.0, 2209680.0, 1330560.0, 1615680.0, 2086920.0, 15840, 15840, 253440.0, 3168000.0, 95040.0, 1211760.0, 1940400.0, 4296600.0, 67320.0, 1710720.0, 1782000.0, 2209680.0, 1710720.0, 4304520.0, 3330360.0, 134640.0, 3330360.0, 1615680.0, 3472920.0, 1386000.0, 1774080.0, 942480.0, 2280960.0, 2225520.0, 2280960.0, 1683000.0, 2356200.0, 1140480.0, 4852980.0, 12672000.0, 198000.0, 2356200.0, 1330560.0, 1615680.0, 4057020.0, 3326400.0, 2376000.0, 3168000.0, 1782000.0, 2946240.0, 1718640.0, 3465000.0, 2209680.0, 1774080.0, 443520.0, 506880.0, 760320.0, 3041280.0, 2946240.0, 2209680.0, 1211760.0, 2280960.0, 1980, 1285020.0, 1330560.0, 1940400.0, 1782000.0, 2086920.0, 1774080.0, 1980, 1710720.0, 3326400.0, 1013760, 8110080.0, 1623600.0, 6336000.0, 6336000.0, 3465000.0, 942480.0, 942480.0, 1940400.0, 997920.0, 2154240.0, 2154240.0, 1980, 2356200.0, 221760.0, 3168000.0, 15713280.0, 3928320.0, 138600.0, 2356200.0, 3928320.0, 1211760.0, 3183840.0, 3069000.0, 2946240.0, 1386000.0, 2946240.0, 1710720.0, 95040.0, 1615680.0, 2376000.0, 997920.0, 4296600.0, 1734480.0, 1782000.0, 1710720.0, 3069000.0, 1980, 1710720.0, 1710720.0, 3041280.0, 380160.0, 15840, 3326400.0, 3465000.0, 997920.0, 997920.0, 1330560.0, 2282940.0, 2494800.0, 3041280.0, 2280960.0, 1615680.0, 1710720.0, 1386000.0, 110880.0, 2356200.0, 1615680.0, 4304520.0, 2086920.0, 3057120.0, 3928320.0, 2946240.0, 3326400.0, 3465000.0, 1710720.0, 2027520.0, 2376000.0, 12165120.0, 190080.0, 1346400.0, 1980, 2086920.0, 1718640.0, 2946240.0, 1615680.0, 1980, 1615680.0, 4296600.0, 3041280.0, 1211760.0, 982080.0, 1940400.0, 3326400.0, 997920.0, 12672000.0, 1013760.0, 1330560.0, 2376000.0, 1615680.0, 3330360.0, 2154240.0, 1330560.0, 2494800.0, 2360160.0, 1980, 7856640.0, 6082560.0, 2280960.0, 2086920.0, 7920, 3041280.0, 4435200.0, 3465000.0, 3168000.0, 1211760.0, 2282940.0, 1211760.0, 3928320.0, 15840, 3041280.0, 760320.0, 1013760.0, 554400.0, 2209680.0, 1782000.0, 2086920.0, 1683000.0, 2376000.0, 2376000.0, 3168000.0, 1615680.0, 1940400.0, 277200.0, 17740800.0, 1330560.0, 2209680.0, 1940400.0, 1718640.0, 2376000.0, 2356200.0, 3330360.0, 2282940.0, 4435200.0, 4435200.0, 4852980.0, 1386000.0, 2946240.0, 4057020.0, 2946240.0, 15840, 134640.0, 2280960.0, 2502720.0, 3465000.0, 3326400.0, 1013760.0, 1211760.0, 4057020.0, 95040.0, 3326400.0, 1774080.0, 778140.0, 7920, 1980, 1690920.0, 1615680.0, 2280960.0, 2376000.0, 2086920.0, 2376000.0, 1211760.0, 1330560.0, -3960, 138600.0, 1940400.0, 4435200.0, 3465000.0, 1980, 1615680.0, 2280960.0, 3326400.0, 3041280.0, 2476980.0, 2946240.0, 1330560.0, 997920.0, 3069000.0, 2376000.0, 2154240.0, 1980, 269280.0, 2154240.0, 2356200.0, 2476980.0, 3465000.0, 1330560.0, 1146420.0, 3928320.0, -3960, 7856640.0, 7920, 4561920.0, 8870400.0, 1211760.0, 9123840.0, 2209680.0, 1330560.0, 1211760.0, 15840, 2282940.0, 2376000.0, 942480.0, 2376000.0, 997920.0, 1710720.0, 4296600.0, 2946240.0, 554400.0, 554400.0, 4296600.0, 760320.0, 2154240.0, 1718640.0, 3168000.0, 95040.0, 1710720.0, 3928320.0, 1520640.0, 2356200.0, 3807540.0, 1330560.0, 15840, 2376000.0, 4443120.0, 1615680.0, 2154240.0, 15840, 1140480.0, 2494800.0, 6082560.0, 2356200.0, 1330560.0, 3041280.0, 2282940.0, 1338480.0, 110880.0, 71280.0, 506880, 760320.0, 15840, 4852980.0, 2288880.0, 3041280.0, 2391840.0, 997920.0, 1782000.0, 1710720.0, 2086920.0, 1338480.0, 277200.0, 1980, 1615680.0, 3168000.0, 12165120.0, 1710720.0, 396000.0, 2476980.0, 3326400.0, 3928320.0, 997920.0, 1782000.0, 2280960.0, 3326400.0, 778140.0, 1683000.0, 1615680.0, 2154240.0, 15840, 15840, 3326400.0, 1386000.0, 1386000.0, 2376000.0, 2280960.0, 2280960.0, 3041280.0, 1797840.0, 3944160.0, 221760.0, 1948320.0, 7920, 8110080, 1211760.0, 4435200.0, 2376000.0, 942480.0, 1782000.0, 1782000.0, 2209680.0, 778140.0, 997920.0, 2209680.0, 3548160.0, 1146420.0, 16220160.0, 3041280.0, 6082560.0, 3465000.0, 1940400.0, 4435200.0, 15840, 1330560.0, 1710720.0, 4435200.0, 1211760.0, 1710720.0, 1683000.0, 1013760.0, 1774080.0, 4852980.0, 122760.0, 3168000.0, 1520640.0, 1330560.0, 1615680.0, 4057020.0, 2376000.0, 2154240.0, 2962080.0, 1710720.0, 3465000.0, 1964160.0, 887040.0, 190080.0, 760320.0, 7920, 1211760.0, 2946240.0, 2154240.0, 1980, 3069000.0, 1774080.0, 1718640.0, 1782000.0, 2946240.0, 1789920.0, 2280960.0, 2225520.0, 1146420.0, 126720.0, 12165120.0, 1013760.0, 1584000.0, 3465000.0, 3326400.0, 1940400.0, 2946240.0, 1940400.0, 2154240.0, 7920, 2282940.0, 1683000.0, 3041280.0, 15713280.0, 7920, 491040.0, 2946240.0, 997920.0, 2280960.0, 15840, 2376000.0, 2280960.0, 2225520.0, 2494800.0, 245520.0, 2376000.0, 2280960.0, 122760.0, 3069000.0, 778140.0, 443520.0, 1782000.0, 3069000.0, 3069000.0, 2209680.0, 1211760.0, 15840, 3465000.0, 997920.0, 4296600.0, 1718640.0, 7920, 3326400.0, 3326400.0, 1710720.0, 3183840.0, 1401840.0, 7856640.0, 4435200.0, 198000.0, 2946240.0, 942480.0, 2154240.0, 1683000.0, 2376000.0, 2086920.0, 1330560.0, 2356200.0, 1710720.0, 3041280.0, 1948320.0, 3041280.0, 3928320.0, 2282940.0, 1710720.0, 2280960.0, 2946240.0, 1718640.0, 1940400.0, 3069000.0, 3465000.0, 1615680.0, 2376000.0, 1211760.0, 253440.0, 1013760.0, 2217600.0, 138600.0, 997920.0, 2209680.0, 1330560.0, 380160.0, 1726560.0, 2282940.0, 3326400.0, 1980, 1615680.0, 15840, 1386000.0, 1285020.0, 15840, 2962080.0, 1964160.0, 942480.0, 2280960.0, 1623600.0, 1710720.0, 1615680.0, 4296600.0, 4435200.0, 3326400.0, 2356200.0, 15840, 2282940.0, 3041280.0, 3041280.0, 269280.0, 1774080.0, 2494800.0, 3326400.0, 1980, 1683000.0, 1615680.0, 15840, 15840, 2154240.0, 1683000.0, 4296600.0, 942480.0, 1980, 8870400.0, 2209680.0, 1782000.0, 1710720.0, 3168000.0, 2946240.0, 1146420.0, 2376000.0, 1330560.0, 3465000.0, 942480.0, 1285020.0, 1710720.0, 4296600.0, 1330560.0, 3041280.0, 1615680.0, 1683000.0, 1710720.0, 1710720.0, 2946240.0, 3472920.0, 1330560.0, 2356200.0, 1718640.0, 15840, 2282940.0, 2376000.0, 190080.0, 4057020.0, 71280.0, 2494800.0, 3334320.0, 3465000.0, 1683000.0, 2282940.0, 2376000.0, 2154240.0, 2086920.0, 1789920.0, 17740800.0, 7920, 1789920.0, 15840, 1615680.0, 3465000.0, 3326400.0, 1146420.0, 2280960.0, 997920.0, 3069000.0, 1940400.0, 760320.0, 538560.0, 4435200.0, 1980, 1615680.0, 3326400.0, 942480.0, 1718640.0, 3807540.0, 2476980.0, 2280960.0, 2356200.0, 3928320.0, 2356200.0, 1330560.0, 997920.0, -3960, 2280960.0, 2376000.0, 3928320.0, 1077120.0, 1140480.0, 2494800.0, 2946240.0, 1386000.0, 1690920.0, 3928320.0, 2391840.0, 7920, 1710720.0, 2209680.0, 4296600.0, 221760.0, 2280960.0, 570240.0, 1718640.0, 253440, 1211760.0, 15840, 1211760.0, 2946240.0, 1330560.0, 1782000.0, 3069000.0, 1330560.0, 1615680.0, 134640.0, 8616960.0, 2282940.0, 1948320.0, 6082560.0, 3326400.0, 3807540.0, 198000.0, 2476980.0, 3465000.0, 1386000.0, 1330560.0, 942480.0, 2376000.0, 3928320.0, 1615680.0, 15840, 1774080.0, 2356200.0, 3168000.0, 2502720.0, 1386000.0, 1219680.0, 7920, 3928320.0, 1980, 2280960.0, 1782000.0, 2946240.0, 1338480.0, 3465000.0, 63360, 15840, 126720.0, 3168000.0, 3041280.0, 15840, 1219680.0, 1940400.0, 4443120.0, 1940400.0, 1710720.0, 1782000.0, 1980, 1774080.0, 3326400.0, 269280.0, 3326400.0, 15840, 3330360.0, 2217600.0, 1980, 1774080.0, 2494800.0, 942480.0, 15840, 2288880.0, 2280960.0, 1683000.0, 1782000.0, 15840, 4057020.0, 4852980.0, 2376000.0, 3168000.0, 1330560.0, 4057020.0, 2376000.0, 3168000.0, 1782000.0, 2946240.0, 1734480.0, 2209680.0, 887040.0, 887040.0, 3069000.0, 554400.0, 1520640.0, 1013760, 554400.0, 1615680.0, 2280960.0, 1330560.0, 1710720.0, 2086920.0, 3041280.0, 1710720.0, 2086920.0, 778140.0, 1980, 7920, 1710720.0, 1710720.0, 4055040.0, 1013760.0, 95040.0, 1520640.0, 792000.0, 3168000.0, 2356200.0, 3465000.0, 997920.0, 942480.0, 3057120.0, 4435200.0, 2154240.0, 1710720.0, 110880.0, 7096320.0, 2494800.0, 7856640.0, 2502720.0, 245520.0, 3928320.0, 1774080.0, 1211760.0, 2356200.0, 15840, 3041280.0, 3069000.0, 2946240.0, 3168000.0, 3041280.0, 2376000.0, 997920.0, 2086920.0, 1718640.0, 1710720.0, 3069000.0, 1615680.0, 1980, 2280960.0, 2946240.0, 3041280.0, 190080.0, 3465000.0, 4435200.0, 2356200.0, 3465000.0, 997920.0, 3168000.0, 1330560.0, 15840, 7920, 4435200.0, 1710720.0, 1386000.0, 221760.0, 2356200.0, 2476980.0, 1211760.0, 7920, 2280960.0, 4296600.0, 3041280.0, 3168000.0, 15840, 8110080.0, 3326400.0, 3334320.0, 2391840.0, 3041280.0, 942480.0, 1980, 3465000.0, 2086920.0, 1330560.0, 15840, 2946240.0, 1401840.0, 4296600.0, 1615680.0, 2376000.0 ];

jy = [ 33, 15, 19, 39, 22, 5, 9, 8, 64, 30, 34, 17, 13, 74, 2, 3, 42, 23, 20, 27, 28, 48, 13, 16, 57, 20, 21, 42, 46, 50, 14, 35, 40, 1, 56, 21, 24, 65, 46, 86, 33, 15, 54, 2, 58, 39, 22, 5, 81, 44, 100, 8, 64, 49, 12, 34, 17, 35, 74, 37, 3, 62, 27, 48, 13, 52, 18, 38, 37, 78, 43, 46, 1, 67, 50, 31, 32, 1, 41, 4, 26, 46, 85, 33, 34, 2, 76, 39, 22, 5, 81, 100, 101, 49, 12, 34, 17, 73, 37, 2, 3, 42, 6, 27, 10, 13, 18, 38, 77, 25, 6, 46, 11, 67, 50, 1, 51, 56, 41, 14, 9, 14, 46, 39, 86, 34, 15, 71, 9, 2, 58, 22, 5, 81, 44, 27, 101, 64, 49, 12, 69, 34, 17, 18, 42, 23, 6, 10, 13, 52, 22, 18, 57, 38, 43, 6, 7, 11, 68, 32, 22, 35, 92, 4, 9, 65, 34, 15, 2, 58, 59, 22, 5, 81, 27, 12, 13, 34, 73, 74, 55, 38, 45, 6, 62, 10, 68, 31, 52, 53, 16, 20, 77, 43, 6, 7, 12, 68, 31, 14, 95, 1, 56, 5, 61, 92, 51, 24, 15, 72, 2, 7, 59, 22, 5, 14, 27, 8, 47, 13, 70, 74, 37, 3, 59, 23, 6, 62, 10, 31, 26, 35, 18, 1, 38, 21, 77, 32, 7, 11, 31, 14, 8, 19, 56, 39, 24, 9, 65, 10, 51, 15, 91, 19, 2, 59, 22, 5, 27, 8, 47, 70, 17, 74, 20, 3, 98, 6, 10, 31, 35, 18, 78, 43, 7, 11, 50, 14, 19, 39, 96, 24, 65, 29, 12, 15, 19, 2, 22, 23, 47, 13, 20, 3, 23, 99, 28, 31, 35, 16, 1, 78, 24, 7, 11, 50, 14, 19, 75, 39, 44, 65, 66, 29, 12, 34, 10, 19, 2, 22, 23, 44, 8, 92, 26, 17, 16, 37, 20, 3, 42, 23, 6, 63, 28, 24, 31, 35, 1, 38, 25, 26, 7, 11, 50, 51, 32, 36, 19, 51, 39, 44, 65, 66, 30, 33, 34, 54, 55, 2, 22, 23, 44, 3, 84, 47, 48, 16, 20, 3, 42, 23, 63, 10, 41, 48, 35, 1, 4, 25, 26, 82, 12, 11, 50, 51, 14, 36, 19, 39, 4, 9, 29, 30, 34, 22, 79, 45, 48, 69, 26, 16, 20, 3, 25, 99, 63, 10, 48, 31, 87, 35, 36, 4, 26, 7, 83, 46, 11, 103, 50, 51, 32, 19, 75, 33, 41, 4, 12, 9, 8, 66, 29, 12, 15, 54, 7, 59, 22, 32, 45, 8, 13, 55, 97, 16, 57, 20, 3, 25, 6, 62, 63, 11, 10, 48, 53, 36, 33, 21, 4, 60, 24, 7, 83, 29, 50, 33, 14, 108, 71, 36, 75, 76, 41, 40, 5, 8, 12, 26, 54, 2, 59, 40, 79, 80, 45, 8, 49, 13, 89, 57, 20, 3, 28, 25, 1, 11, 10, 53, 92, 57, 21, 4, 60, 58, 24, 82, 29, 33, 14, 15, 71, 36, 39, 120, 5, 61, 9, 8, 64, 12, 17, 91, 54, 37, 2, 40, 45, 8, 8, 49, 13, 70, 17, 20, 3, 42, 25, 6, 63, 30, 11, 67, 68, 55, 36, 1, 25, 21, 4, 14, 61, 24, 7, 83, 29, 50, 33, 26, 15, 71, 72, 75, 41, 5, 9, 8, 12, 17, 37, 102, 22, 23, 80, 45, 10, 32, 26, 17, 20, 21, 42, 43, 28, 11, 31, 3, 36, 1, 38, 21, 4, 24, 29, 28, 33, 15, 39, 40, 5, 9, 8, 64, 49, 12, 17, 104, 55, 2, 42, 10, 47, 13, 16, 21, 42, 67, 32, 35, 36, 1, 93, 21, 4, 24, 33, 15, 19, 18, 5, 9, 8, 64, 30, 34, 17, 2, 3, 42, 79, 27, 47, 48, 13, 18, 42, 46, 92, 67, 68, 14, 35, 36, 1, 21, 4, 26, 46, 55, 85, 86, 33, 54, 2, 58, 22, 5, 81, 44, 100, 8, 49, 30, 24, 17, 37, 3, 32, 62, 27, 13, 52, 53, 18, 38, 21, 77, 43, 46, 50, 35, 1, 56, 41, 4, 60, 61, 26, 121, 41, 33, 34, 2, 58, 22, 5, 9, 101, 49, 30, 34, 17, 73, 37, 3, 18, 42, 6, 27, 10, 104, 52, 14, 18, 38, 77, 25, 6, 21, 46, 11, 10, 35, 1, 56, 18, 61, 9, 86, 34, 71, 19, 2, 58, 22, 5, 27, 12, 64, 49, 105, 69, 34, 17, 45, 23, 6, 28, 13, 52, 53, 18, 57, 38, 78, 43, 6, 30, 11, 68, 37, 14, 1, 4, 60, 9, 65, 53, 24, 15, 19, 2, 58, 59, 22, 5, 27, 8, 64, 12, 13, 34, 73, 74, 37, 3, 47, 6, 62, 10, 31, 89, 52, 35, 18, 20, 43, 32, 7, 68, 31, 14, 1, 93, 56, 61, 9, 66, 28, 51, 15, 39, 72, 2, 59, 22, 31, 27, 65, 47, 13, 74, 37, 3, 59, 23, 6, 62, 63, 10, 39, 31, 53, 16, 1, 38, 21, 16, 25, 7, 11, 50, 31, 14, 22, 19, 56, 39, 4, 5, 24, 9, 12, 51, 15, 44, 19, 2, 22, 5, 27, 47, 12, 120, 70, 17, 9, 37, 20, 3, 49, 23, 6, 10, 66, 31, 35, 18, 9, 78, 43, 7, 11, 51, 32, 19, 39, 4, 5, 14, 26, 9, 65, 66, 12, 33, 15, 19, 2, 35, 59, 22, 23, 47, 13, 52, 37, 38, 3, 23, 6, 63, 28, 31, 35, 18, 1, 38, 25, 24, 7, 11, 50, 51, 32, 19, 75, 39, 4, 44, 65, 66, 12, 13, 2, 23, 44, 94, 47, 12, 52, 16, 37, 20, 3, 98, 6, 43, 63, 28, 41, 87, 35, 1, 56, 25, 100, 7, 30, 11, 50, 32, 119, 19, 39, 16, 5, 44, 9, 12, 33, 34, 54, 8, 2, 44, 84, 47, 48, 46, 16, 20, 3, 95, 42, 23, 63, 10, 48, 35, 4, 25, 24, 7, 30, 11, 50, 51, 32, 36, 19, 76, 41, 4, 9, 29, 24, 16, 82, 40, 14, 45, 48, 37, 16, 20, 3, 25, 6, 63, 10, 28, 48, 26, 35, 33, 16, 4, 60, 26, 7, 46, 102, 103, 51, 14, 19, 75, 38, 41, 4, 9, 8, 66, 29, 12, 15, 54, 58, 18, 40, 43, 27, 8, 13, 13, 69, 70, 16, 57, 20, 25, 72, 62, 21, 11, 28, 124, 35, 21, 4, 60, 58, 24, 7, 29, 51, 14, 71, 36, 19, 76, 41, 5, 64, 12, 30, 15, 54, 55, 2, 10, 22, 79, 80, 27, 8, 8, 49, 13, 57, 20, 3, 25, 10, 11, 67, 68, 53, 36, 1, 57, 21, 4, 60, 61, 24, 82, 29, 33, 24, 15, 28, 36, 40, 39, 5, 61, 9, 8, 12, 17, 91, 54, 55, 40, 80, 45, 10, 49, 70, 17, 20, 3, 36, 25, 10, 67, 88, 36, 1, 20, 21, 4, 61, 24, 7, 83, 118, 29, 10, 33, 14, 72, 75, 76, 41, 5, 9, 8, 12, 17, 73, 37, 3, 22, 23, 80, 45, 10, 17, 20, 21, 43, 22, 28, 67, 31, 36, 1, 21, 4, 24, 46, 29, 33, 15, 71, 23, 19, 76, 39, 16, 5, 81, 9, 8, 64, 12, 17, 37, 2, 3, 42, 23, 10, 47, 13, 16, 21, 42, 7, 11, 67, 50, 14, 36, 1, 21, 4, 26, 33, 15, 19, 22, 5, 9, 8, 64, 49, 12, 34, 17, 74, 37, 2, 3, 42, 14, 27, 28, 13, 52, 16, 42, 43, 7, 46, 50, 32, 35, 1, 41, 4, 26, 9, 46, 41, 85, 33, 46, 54, 2, 38, 39, 22, 5, 81, 44, 9, 8, 64, 49, 30, 13, 17, 37, 22, 3, 16, 27, 10, 13, 52, 18, 57, 38, 21, 43, 46, 11, 10, 33, 53, 36, 41, 4, 60, 24, 118, 65, 46, 48, 86, 33, 34, 2, 58, 20, 22, 5, 44, 9, 8, 64, 49, 12, 13, 34, 17, 73, 2, 6, 27, 10, 104, 52, 18, 57, 38, 78, 25, 6, 12, 11, 37, 36, 1, 30, 60, 9, 65, 85, 86, 24, 71, 2, 58, 40, 5, 27, 105, 34, 17, 74, 102, 27, 6, 62, 28, 13, 52, 53, 16, 57, 38, 78, 43, 6, 11, 68, 14, 1, 56, 4, 60, 61, 9, 65, 10, 24, 15, 72, 2, 58, 59, 22, 5, 23, 27, 41, 12, 13, 70, 73, 74, 55, 3, 23, 6, 62, 10, 31, 52, 35, 16, 20, 43, 7, 68, 31, 14, 1, 93, 56, 5, 61, 9, 30, 51, 15, 72, 2, 58, 59, 9, 27, 47, 13, 74, 37, 38, 3, 59, 23, 6, 62, 10, 102, 31, 52, 53, 18, 38, 77, 97, 7, 34, 31, 32, 19, 56, 39, 5, 24, 9, 65, 12, 51, 15, 19, 102, 22, 5, 3, 27, 47, 12, 13, 24, 17, 37, 20, 3, 23, 6, 10, 10, 31, 35, 18, 37, 38, 78, 43, 82, 7, 21, 11, 11, 14, 19, 39, 23, 66, 41, 12, 33, 15, 4, 54, 19, 2, 38, 22, 23, 8, 47, 13, 52, 20, 3, 23, 6, 43, 63, 28, 41, 37, 31, 35, 16, 1, 25, 24, 7, 30, 11, 50, 14, 19, 39, 16, 44, 65, 66, 29, 12, 54, 2, 18, 23, 44, 47, 52, 16, 20, 3, 42, 23, 6, 25, 28, 35, 16, 1, 56, 25, 47, 7, 12, 11, 50, 51, 107, 36, 19, 41, 44, 9, 29, 12, 33, 54, 2, 32, 44, 45, 8, 47, 48, 55, 78, 18, 37, 20, 3, 42, 25, 63, 10, 48, 87, 35, 51, 18, 4, 25, 26, 7, 46, 11, 50, 51, 32, 36, 19, 38, 41, 4, 25, 9, 29, 10, 15, 58, 16, 40, 45, 48, 13, 16, 20, 9, 25, 6, 63, 28, 11, 123, 28, 35, 1, 4, 60, 26, 7, 46, 11, 51, 14, 22, 19, 39, 4, 5, 9, 8, 29, 12, 15, 54, 55, 3, 40, 23, 79, 45, 8, 14, 13, 69, 70, 16, 57, 20, 25, 62, 120, 68, 21, 4, 60, 24, 7, 29, 33, 14, 36, 22, 75, 82, 41, 5, 8, 12, 14, 4, 54, 55, 2, 59, 40, 79, 80, 45, 8, 84, 49, 48, 13, 26, 18, 57, 20, 3, 25, 10, 11, 68, 53, 36, 1, 57, 38, 21, 4, 60, 61, 24, 82, 70, 29, 10, 33, 40, 75, 39, 40, 5, 61, 9, 8, 29, 12, 6, 17, 91, 54, 37, 49, 23, 45, 10, 49, 48, 89, 70, 17, 55, 57, 20, 3, 25, 7, 16, 10, 31, 40, 92, 93, 21, 4, 60, 61, 24, 7, 83, 29, 27, 33, 14, 52, 72, 39, 18, 5, 9, 8, 64, 12, 17, 73, 55, 2, 3, 22, 80, 45, 10, 17, 16, 20, 21, 58, 7, 28, 11, 67, 68, 31, 14, 36, 1, 93, 21, 4, 24, 30, 29, 33, 14, 15, 75, 39, 40, 5, 81, 9, 8, 64, 12, 17, 37, 2, 7, 42, 32, 27, 10, 47, 32, 13, 18, 21, 42, 43, 6, 67, 14, 36, 1, 10, 21, 4, 24, 33, 15, 13, 43, 40, 40, 5, 32, 9, 8, 64, 49, 30, 34, 17, 37, 2, 3, 18, 42, 27, 13, 52, 16, 42, 43, 46, 28, 14, 37, 35, 36, 1, 4, 26, 32, 10, 46, 33, 15, 54, 2, 40, 5, 81, 9, 8, 64, 49, 30, 34, 17, 3, 27, 27, 10, 48, 13, 52, 16, 38, 43, 46, 11, 55, 1, 41, 4, 60, 18, 26, 9, 121, 33, 24, 2, 58, 22, 5, 45, 8, 49, 12, 34, 73, 26, 11, 23, 6, 27, 10, 53, 13, 26, 53, 16, 57, 38, 26, 25, 6, 11, 1, 56, 4, 9, 28, 34, 15, 71, 2, 58, 22, 5, 27, 101, 12, 13, 69, 34, 17, 30, 74, 37, 23, 6, 62, 27, 10, 12, 13, 52, 53, 18, 78, 43, 6, 7, 11, 68, 14, 40, 1, 56, 4, 5, 61, 9, 30, 15, 72, 2, 59, 22, 5, 27, 47, 12, 13, 69, 70, 73, 55, 56, 6, 62, 10, 31, 28, 35, 18, 38, 28, 36, 43, 26, 7, 1, 31, 14, 1, 93, 56, 49, 24, 9, 66, 51, 15, 2, 58, 59, 22, 45, 27, 8, 14, 13, 26, 37, 38, 3, 59, 23, 6, 62, 10, 31, 16, 53, 16, 55, 20, 77, 26, 7, 11, 31, 14, 19, 56, 39, 5, 26, 25, 65, 66, 41, 12, 51, 15, 91, 19, 2, 58, 59, 22, 5, 27, 47, 30, 13, 70, 17, 37, 20, 94, 95, 23, 6, 62, 63, 28, 41, 31, 35, 22, 1, 21, 78, 43, 24, 7, 11, 50, 14, 19, 56, 39, 18, 3, 26, 65, 66, 41, 12, 33, 30, 15, 19, 2, 58, 22, 23, 47, 30, 70, 17, 16, 20, 3, 27, 23, 6, 63, 28, 31, 35, 18, 1, 25, 24, 7, 12, 11, 50, 37, 32, 19, 56, 41, 44, 9, 66, 29, 12, 33, 2, 58, 59, 23, 14, 44, 84, 47, 13, 55, 52, 17, 18, 35, 20, 3, 95, 42, 23, 6, 63, 28, 24, 35, 1, 33, 56, 60, 25, 32, 7, 11, 50, 51, 32, 36, 19, 76, 41, 44, 9, 66, 29, 30, 55, 2, 18, 44, 45, 47, 48, 13, 17, 16, 37, 20, 3, 25, 12, 28, 52, 48, 35, 1, 21, 4, 25, 24, 7, 46, 11, 50, 51, 32, 21, 36, 19, 41, 4, 5, 44, 9, 12, 100, 29, 34, 15, 54, 55, 58, 40, 27, 8, 48, 13, 17, 16, 20, 3, 25, 6, 63, 28, 11, 48, 35, 1, 21, 4, 60, 25, 26, 7, 29, 103, 51, 14, 40, 75, 7, 41, 4, 5, 14, 8, 29, 30, 15, 54, 12, 59, 40, 45, 79, 45, 8, 13, 69, 26, 16, 57, 20, 3, 25, 32, 62, 63, 11, 35, 1, 20, 21, 4, 60, 26, 7, 29, 28, 51, 14, 36, 41, 97, 5, 63, 8, 41, 30, 15, 54, 2, 59, 22, 45, 8, 15, 49, 10, 13, 26, 70, 57, 20, 3, 25, 6, 7, 10, 11, 67, 68, 53, 36, 1, 57, 18, 21, 4, 61, 24, 7, 26, 29, 33, 15, 71, 72, 76, 39, 12, 5, 9, 8, 12, 17, 91, 55, 13, 45, 10, 49, 77, 17, 12, 57, 20, 3, 25, 67, 31, 35, 36, 1, 21, 4, 61, 26, 7, 83, 29, 33, 14, 15, 25, 72, 39, 22, 5, 9, 8, 64, 12, 17, 54, 55, 2, 7, 42, 14, 80, 10, 55, 17, 18, 21, 11, 67, 14, 26, 36, 1, 51, 21, 97, 60, 24, 7, 29, 85, 33, 46, 15, 19, 76, 39, 22, 5, 81, 9, 8, 64, 30, 17, 54, 37, 2, 16, 42, 23, 28, 47, 6, 41, 14, 16, 21, 42, 10, 67, 28, 14, 35, 36, 1, 21, 18, 24, 46, 33, 15, 72, 19, 2, 38, 22, 96, 9, 8, 64, 49, 30, 34, 17, 37, 2, 3, 10, 42, 14, 27, 13, 16, 42, 43, 6, 34, 46, 11, 67, 50, 37, 32, 35, 1, 4, 26, 46, 43, 33, 24, 54, 19, 2, 58, 40, 5, 44, 100, 8, 46, 49, 30, 34, 17, 102, 3, 11, 27, 10, 38, 48, 13, 26, 53, 18, 20, 16, 25, 14, 32, 46, 11, 50, 38, 1, 56, 41, 4, 60, 24, 9, 16, 121, 29, 10, 34, 72, 2, 58, 22, 5, 44, 27, 8, 49, 12, 34, 17, 73, 3, 42, 23, 6, 28, 13, 52, 53, 18, 57, 20, 21, 25, 6, 7, 11, 67, 22, 1, 56, 38, 9, 30, 122, 33, 34, 90, 71, 2, 58, 39, 22, 5, 44, 43, 101, 12, 13, 34, 73, 6, 62, 10, 31, 52, 53, 18, 92, 43, 6, 7, 68, 31, 14, 1, 27, 56, 41, 5, 61, 122, 33, 90, 71, 72, 2, 59, 40, 27, 8, 64, 49, 12, 106, 69, 70, 73, 55, 94, 6, 62, 28, 40, 31, 52, 35, 18, 1, 38, 77, 43, 7, 63, 31, 32, 1, 56, 18, 5, 9, 66, 39, 51, 15, 91, 19, 2, 59, 22, 44, 27, 8, 47, 13, 69, 73, 74, 55, 38, 3, 18, 23, 6, 43, 10, 39, 15, 35, 16, 77, 96, 25, 7, 31, 14, 19, 39, 18, 5, 26, 65, 12, 86, 15, 19, 22, 5, 27, 45, 47, 30, 13, 74, 20, 3, 45, 23, 6, 62, 25, 28, 68, 31, 45, 35, 18, 1, 21, 78, 25, 24, 7, 30, 11, 55, 32, 19, 39, 4, 26, 44, 65, 29, 12, 34, 33, 15, 19, 2, 23, 14, 47, 69, 70, 18, 74, 20, 3, 27, 6, 63, 28, 31, 31, 35, 1, 43, 78, 25, 32, 7, 11, 50, 32, 19, 56, 41, 44, 66, 29, 28, 55, 2, 22, 23, 44, 84, 47, 70, 16, 20, 3, 42, 23, 6, 62, 63, 28, 11, 6, 119, 1, 35, 1, 56, 4, 60, 25, 26, 7, 11, 50, 15, 32, 22, 19, 7, 41, 5, 44, 9, 65, 66, 29, 12, 55, 2, 58, 100, 79, 44, 45, 48, 15, 36, 18, 25, 20, 3, 25, 35, 28, 48, 88, 35, 22, 21, 4, 45, 24, 7, 25, 46, 11, 51, 26, 36, 19, 7, 41, 4, 44, 9, 29, 34, 15, 54, 55, 2, 58, 59, 40, 23, 80, 45, 48, 13, 26, 16, 57, 20, 3, 25, 6, 62, 63, 119, 11, 48, 20, 21, 4, 60, 26, 82, 29, 50, 33, 14, 15, 36, 19, 41, 4, 5, 23, 8, 66, 30, 15, 54, 40, 45, 8, 119, 10, 13, 69, 17, 16, 57, 20, 94, 18, 42, 25, 62, 10, 11, 15, 40, 1, 21, 4, 60, 24, 82, 46, 29, 103, 51, 32, 71, 36, 27, 41, 5, 16, 8, 29, 68, 17, 54, 11, 59, 40, 80, 45, 8, 49, 70, 57, 20, 3, 95, 25, 6, 7, 10, 11, 67, 68, 24, 53, 36, 1, 57, 21, 4, 61, 26, 7, 83, 29, 33, 14, 15, 71, 75, 76, 39, 5, 9, 8, 29, 30, 17, 55, 7, 14, 80, 45, 10, 49, 37, 52, 17, 18, 20, 3, 25, 7, 32, 87, 36, 1, 118, 4, 61, 24, 7, 29, 33, 46, 72, 75, 39, 40, 5, 9, 8, 64, 49, 12, 17, 55, 2, 3, 18, 42, 23, 34, 10, 47, 89, 52, 17, 16, 57, 20, 21, 42, 7, 12, 11, 67, 10, 14, 53, 1, 56, 21, 4, 60, 61, 26, 29, 85, 33, 15, 71, 54, 19, 76, 20, 40, 5, 81, 9, 30, 64, 49, 105, 34, 17, 73, 2, 27, 23, 79, 27, 28, 47, 48, 13, 18, 21, 77, 42, 6, 30, 67, 31, 32, 36, 1, 21, 61, 26, 46, 85, 33, 14, 15, 71, 2, 76, 22, 96, 14, 100, 8, 64, 49, 30, 18, 69, 17, 55, 2, 118, 42, 27, 10, 13, 52, 18, 4, 25, 21, 77, 42, 43, 6, 46, 50, 14, 1, 20, 4, 26, 46, 28, 33, 15, 14, 54, 2, 58, 40, 5, 9, 8, 49, 30, 34, 17, 4, 3, 6, 80, 27, 28, 52, 48, 13, 52, 53, 18, 50, 38, 18, 25, 46, 11, 50, 31, 40, 1, 56, 41, 4, 26, 9, 12, 46, 29, 34, 71, 2, 58, 22, 5, 43, 8, 64, 49, 30, 34, 17, 73, 42, 23, 6, 30, 13, 52, 18, 57, 38, 43, 6, 11, 68, 1, 120, 4, 61, 24, 9, 122, 33, 34, 15, 71, 2, 58, 59, 22, 5, 45, 101, 30, 13, 34, 28, 73, 37, 38, 6, 62, 28, 31, 37, 25, 35, 18, 20, 43, 6, 7, 68, 31, 32, 1, 56, 16, 4, 5, 61, 14, 39, 11, 52, 15, 72, 2, 22, 59, 22, 5, 27, 8, 49, 106, 69, 37, 38, 3, 18, 23, 6, 62, 27, 10, 39, 31, 53, 16, 1, 20, 77, 43, 7, 11, 10, 31, 14, 37, 53, 19, 56, 18, 61, 9, 65, 66, 51, 34, 15, 91, 19, 2, 59, 22, 5, 1, 27, 47, 13, 73, 74, 37, 38, 3, 59, 45, 23, 6, 10, 31, 53, 16, 77, 14, 7, 30, 31, 32, 19, 2, 39, 24, 12, 65, 12, 16, 51, 34, 90, 19, 22, 5, 32, 44, 27, 47, 13, 69, 19, 12, 38, 94, 27, 6, 28, 31, 35, 16, 1, 33, 21, 78, 43, 24, 7, 41, 50, 32, 19, 24, 39, 44, 65, 66, 29, 30, 33, 15, 19, 2, 8, 23, 44, 45, 47, 52, 17, 18, 74, 37, 38, 3, 23, 6, 62, 63, 10, 28, 31, 87, 35, 1, 56, 16, 25, 26, 7, 11, 50, 32, 32, 40, 19, 75, 56, 41, 44, 12, 66, 34, 2, 100, 23, 79, 44, 45, 84, 47, 48, 52, 16, 74, 20, 3, 10, 9, 23, 6, 26, 63, 119, 106, 35, 1, 56, 78, 4, 60, 25, 26, 7, 13, 11, 50, 51, 32, 36, 19, 12, 41, 4, 44, 9, 66, 29, 30, 34, 2, 58, 23, 44, 45, 84, 47, 48, 69, 26, 16, 20, 3, 25, 6, 10, 67, 48, 88, 35, 38, 21, 4, 26, 94, 46, 11, 28, 51, 32, 36, 19, 75, 76, 118, 4, 44, 9, 65, 29, 34, 15, 54, 55, 59, 40, 15, 79, 45, 84, 47, 48, 13, 69, 16, 57, 20, 3, 43, 18, 62, 63, 10, 53, 67, 48, 53, 30, 4, 60, 26, 82, 29, 50, 33, 32, 71, 36, 19, 76, 41, 16, 5, 8, 30, 15, 54, 40, 79, 39, 61, 49, 48, 13, 69, 16, 57, 20, 3, 47, 25, 6, 63, 10, 11, 68, 53, 1, 21, 49, 60, 61, 24, 55, 21, 29, 51, 32, 36, 39, 5, 9, 8, 30, 24, 17, 54, 37, 59, 40, 79, 80, 45, 8, 49, 13, 37, 70, 17, 57, 20, 3, 42, 25, 6, 7, 11, 67, 68, 22, 26, 53, 36, 92, 57, 9, 4, 61, 24, 7, 83, 29, 33, 121, 15, 46, 75, 76, 39, 5, 9, 8, 9, 12, 17, 91, 37, 2, 18, 22, 23, 43, 45, 10, 49, 17, 20, 21, 5, 25, 28, 31, 53, 36, 1, 21, 4, 60, 61, 24, 83, 29, 33, 15, 72, 14, 39, 40, 5, 9, 8, 64, 44, 12, 17, 53, 55, 2, 3, 42, 30, 25, 22, 17, 16, 21, 42, 43, 30, 11, 67, 31, 32, 1, 93, 21, 4, 24, 29, 85, 33, 24, 15, 54, 19, 7, 40, 5, 81, 9, 8, 64, 30, 34, 17, 2, 42, 45, 103, 27, 28, 13, 26, 53, 16, 16, 42, 14, 46, 67, 50, 14, 88, 35, 36, 1, 38, 21, 61, 26, 46, 28, 33, 15, 54, 2, 39, 40, 5, 23, 9, 8, 64, 41, 30, 34, 17, 13, 37, 3, 27, 10, 27, 104, 52, 18, 38, 42, 43, 8, 50, 14, 35, 40, 1, 4, 28, 92, 46, 32, 33, 34, 24, 71, 54, 2, 76, 40, 5, 16, 43, 101, 49, 30, 34, 17, 73, 20, 3, 6, 27, 28, 48, 104, 53, 18, 38, 77, 43, 6, 46, 11, 68, 26, 31, 56, 41, 47, 60, 26, 9, 52, 96, 29, 34, 4, 71, 2, 58, 22, 27, 45, 44, 27, 64, 49, 30, 13, 69, 34, 17, 70, 42, 23, 6, 80, 28, 13, 52, 18, 1, 57, 38, 32, 43, 6, 11, 68, 1, 4, 60, 118, 65, 66, 39, 34, 15, 72, 2, 58, 59, 22, 5, 45, 101, 30, 13, 69, 34, 73, 74, 37, 16, 6, 62, 28, 39, 6, 52, 53, 18, 1, 21, 43, 6, 7, 68, 31, 14, 11, 56, 18, 5, 8, 29, 123, 51, 15, 72, 2, 58, 59, 22, 5, 8, 27, 8, 47, 12, 13, 69, 37, 3, 45, 98, 6, 62, 10, 50, 31, 53, 16, 1, 38, 21, 77, 32, 7, 30, 11, 31, 14, 19, 56, 41, 24, 9, 65, 66, 29, 51, 24, 15, 91, 19, 2, 7, 59, 22, 5, 32, 27, 47, 12, 70, 17, 74, 37, 38, 3, 23, 6, 10, 28, 31, 53, 16, 21, 47, 25, 23, 7, 11, 18, 31, 32, 19, 39, 24, 65, 10, 24, 19, 2, 3, 59, 22, 23, 27, 47, 73, 38, 3, 23, 6, 30, 28, 31, 35, 16, 1, 21, 18, 78, 24, 7, 11, 50, 32, 19, 1, 39, 28, 12, 9, 29, 12, 28, 28, 15, 19, 2, 9, 23, 44, 47, 69, 52, 17, 18, 37, 38, 3, 23, 6, 32, 63, 28, 31, 87, 35, 16, 1, 56, 77, 25, 26, 7, 11, 50, 32, 36, 19, 14, 41, 44, 65, 66, 34, 14, 54, 2, 45, 44, 84, 47, 48, 69, 70, 16, 51, 20, 3, 95, 42, 23, 63, 28, 11, 22, 48, 35, 1, 38, 4, 60, 36, 24, 3, 11, 50, 51, 32, 36, 19, 41, 4, 37, 9, 65, 66, 29, 30, 15, 58, 40, 44, 45, 48, 69, 70, 16, 20, 3, 42, 43, 6, 62, 28, 40, 39, 48, 35, 4, 26, 7, 30, 46, 11, 103, 51, 32, 3, 36, 19, 75, 30, 41, 18, 44, 9, 8, 66, 29, 30, 15, 54, 55, 40, 27, 8, 48, 13, 69, 44, 57, 20, 25, 6, 62, 63, 28, 120, 48, 26, 53, 21, 4, 60, 26, 7, 29, 50, 51, 32, 4, 71, 36, 19, 75, 76, 39, 4, 5, 8, 30, 15, 54, 2, 7, 40, 79, 45, 8, 49, 48, 13, 82, 16, 57, 20, 3, 43, 118, 62, 10, 11, 10, 88, 53, 1, 16, 4, 60, 61, 107, 7, 29, 51, 32, 15, 36, 38, 105, 5, 40, 8, 64, 30, 17, 54, 55, 3, 16, 40, 32, 14, 8, 13, 70, 17, 57, 20, 3, 25, 6, 7, 21, 40, 67, 119, 43, 53, 36, 1, 57, 21, 18, 61, 24, 7, 83, 46, 29, 33, 14, 15, 71, 72, 75, 76, 38, 40, 5, 9, 14, 12, 17, 55, 2, 3, 37, 23, 42, 27, 10, 8, 49, 37, 94, 17, 20, 21, 12, 31, 36, 1, 21, 4, 61, 24, 29, 102, 33, 26, 15, 72, 43, 38, 41, 40, 5, 12, 8, 12, 30, 17, 55, 2, 3, 42, 79, 52, 48, 13, 26, 17, 18, 20, 18, 42, 45, 67, 14, 1, 93, 38, 21, 4, 60, 24, 9, 23, 29, 28 ];

jx = [ 55, 75, 122, 125, 29, 37, 64, 26, 77, 45, 42, 48, 43, 83, 65, 79, 58, 118, 121, 121, 123, 120, 60, 31, 102, 92, 76, 75, 62, 59, 21, 124, 71, 56, 101, 59, 96, 69, 79, 88, 78, 78, 63, 41, 60, 120, 38, 36, 117, 121, 104, 23, 118, 78, 84, 35, 39, 48, 92, 42, 74, 64, 68, 125, 51, 122, 58, 55, 65, 96, 68, 55, 34, 94, 52, 112, 104, 15, 118, 12, 59, 72, 103, 69, 75, 34, 103, 111, 47, 43, 108, 109, 103, 69, 73, 60, 30, 75, 81, 83, 65, 44, 54, 75, 51, 42, 51, 64, 79, 29, 71, 48, 20, 85, 53, 6, 114, 123, 125, 124, 70, 66, 65, 41, 90, 68, 96, 73, 11, 59, 70, 56, 18, 99, 119, 35, 110, 124, 124, 66, 119, 61, 21, 65, 45, 31, 63, 60, 33, 72, 30, 44, 123, 57, 54, 80, 88, 27, 72, 86, 31, 38, 94, 122, 77, 122, 69, 39, 52, 79, 69, 49, 25, 90, 46, 71, 73, 54, 121, 79, 57, 81, 122, 40, 75, 61, 81, 50, 77, 71, 115, 120, 125, 61, 73, 79, 65, 77, 65, 57, 97, 20, 73, 113, 118, 99, 64, 33, 42, 73, 53, 25, 80, 58, 8, 48, 53, 123, 52, 72, 115, 120, 78, 46, 63, 41, 33, 68, 38, 57, 50, 40, 38, 124, 43, 119, 124, 33, 66, 13, 76, 50, 32, 61, 66, 60, 121, 123, 120, 59, 55, 49, 98, 80, 14, 87, 67, 15, 64, 116, 59, 124, 122, 121, 21, 37, 99, 42, 47, 36, 63, 31, 125, 47, 57, 56, 81, 43, 56, 51, 99, 114, 79, 125, 29, 60, 71, 7, 76, 76, 62, 118, 30, 64, 59, 108, 46, 43, 58, 74, 74, 118, 26, 52, 63, 74, 36, 47, 84, 54, 59, 70, 74, 124, 22, 97, 70, 66, 32, 85, 67, 76, 98, 93, 33, 120, 34, 123, 35, 55, 114, 62, 28, 69, 35, 69, 46, 49, 65, 65, 71, 121, 43, 58, 67, 81, 55, 52, 42, 105, 45, 52, 93, 67, 125, 118, 122, 119, 109, 17, 94, 70, 65, 32, 90, 80, 72, 47, 44, 50, 123, 53, 80, 66, 47, 53, 76, 72, 51, 78, 66, 109, 16, 33, 124, 76, 86, 57, 33, 40, 68, 23, 74, 118, 115, 103, 106, 74, 77, 72, 119, 56, 49, 9, 38, 117, 119, 75, 62, 32, 105, 67, 81, 60, 75, 37, 110, 120, 44, 105, 125, 67, 37, 28, 77, 105, 53, 73, 53, 30, 64, 93, 65, 57, 24, 121, 20, 118, 112, 67, 65, 77, 26, 58, 115, 61, 68, 58, 4, 45, 119, 122, 122, 68, 25, 59, 56, 90, 48, 25, 33, 80, 62, 32, 101, 41, 118, 44, 72, 117, 121, 39, 120, 80, 60, 94, 66, 53, 50, 30, 66, 124, 125, 51, 124, 108, 64, 70, 59, 17, 98, 75, 63, 27, 81, 52, 45, 75, 71, 63, 110, 58, 40, 42, 69, 61, 59, 88, 40, 35, 65, 119, 116, 48, 73, 125, 73, 62, 12, 46, 81, 55, 60, 95, 75, 55, 125, 44, 55, 67, 16, 50, 16, 75, 75, 72, 22, 87, 59, 121, 108, 63, 118, 119, 125, 118, 72, 36, 37, 47, 47, 17, 70, 52, 10, 87, 63, 104, 58, 71, 122, 107, 121, 122, 42, 56, 51, 43, 48, 51, 62, 111, 123, 121, 122, 46, 22, 118, 42, 66, 77, 71, 96, 88, 29, 125, 124, 7, 77, 59, 74, 54, 24, 73, 54, 73, 49, 65, 123, 73, 63, 58, 36, 71, 81, 37, 42, 105, 91, 79, 56, 31, 118, 62, 17, 78, 65, 73, 113, 98, 118, 50, 99, 61, 29, 66, 56, 76, 119, 22, 38, 33, 25, 80, 44, 41, 33, 72, 80, 57, 88, 122, 125, 119, 53, 72, 74, 61, 98, 68, 95, 20, 121, 123, 9, 60, 6, 49, 78, 75, 89, 87, 79, 62, 48, 59, 37, 45, 118, 124, 103, 18, 79, 37, 55, 40, 43, 71, 76, 63, 65, 52, 121, 107, 57, 54, 84, 81, 65, 54, 51, 116, 16, 125, 119, 11, 122, 106, 58, 122, 66, 70, 74, 33, 68, 46, 44, 47, 104, 70, 62, 59, 31, 76, 82, 66, 66, 43, 53, 76, 50, 108, 66, 80, 50, 63, 80, 30, 70, 75, 47, 17, 80, 37, 7, 118, 37, 97, 71, 89, 67, 74, 100, 58, 69, 55, 19, 36, 43, 123, 125, 106, 120, 52, 22, 121, 32, 62, 65, 34, 71, 121, 43, 124, 40, 81, 51, 79, 56, 28, 71, 51, 63, 30, 121, 120, 78, 123, 81, 34, 40, 91, 51, 78, 70, 64, 26, 43, 125, 100, 122, 74, 53, 122, 78, 72, 84, 120, 39, 74, 36, 55, 90, 80, 46, 36, 119, 62, 34, 80, 80, 66, 56, 21, 94, 76, 119, 117, 102, 66, 61, 47, 59, 76, 12, 77, 57, 49, 54, 73, 49, 65, 119, 79, 43, 64, 42, 48, 67, 81, 37, 76, 58, 79, 123, 125, 42, 120, 118, 115, 71, 14, 95, 73, 49, 39, 62, 65, 57, 103, 121, 124, 124, 62, 56, 50, 122, 77, 13, 66, 16, 61, 60, 120, 124, 123, 123, 39, 118, 24, 38, 77, 33, 41, 46, 75, 33, 64, 30, 43, 124, 48, 58, 53, 96, 68, 53, 52, 112, 104, 64, 31, 99, 80, 120, 32, 121, 57, 72, 6, 42, 95, 75, 73, 67, 119, 54, 125, 75, 61, 60, 18, 67, 45, 44, 55, 23, 75, 66, 65, 25, 49, 64, 73, 87, 73, 48, 81, 43, 85, 62, 71, 73, 21, 50, 31, 68, 75, 96, 70, 102, 59, 33, 124, 38, 56, 116, 27, 122, 70, 38, 46, 96, 50, 66, 63, 72, 107, 44, 123, 39, 66, 50, 121, 39, 46, 68, 86, 51, 17, 14, 119, 121, 118, 76, 24, 68, 89, 77, 71, 56, 42, 43, 15, 104, 122, 54, 77, 65, 56, 73, 54, 79, 47, 35, 49, 34, 123, 73, 63, 60, 34, 81, 79, 67, 24, 75, 63, 35, 84, 64, 42, 75, 80, 71, 55, 52, 10, 39, 13, 120, 74, 100, 61, 60, 68, 47, 41, 59, 74, 74, 38, 119, 106, 106, 68, 78, 25, 78, 124, 54, 76, 31, 63, 84, 66, 60, 21, 72, 125, 74, 53, 119, 28, 80, 41, 27, 80, 72, 64, 69, 57, 46, 99, 121, 43, 65, 62, 125, 45, 26, 36, 79, 62, 61, 29, 42, 123, 71, 122, 42, 20, 79, 61, 67, 72, 51, 71, 32, 65, 119, 123, 79, 120, 121, 107, 99, 69, 13, 60, 18, 76, 66, 28, 53, 124, 76, 125, 119, 64, 66, 46, 59, 33, 41, 72, 80, 54, 87, 33, 36, 42, 120, 71, 47, 48, 74, 74, 63, 13, 45, 42, 61, 96, 74, 74, 43, 116, 56, 20, 51, 74, 76, 71, 19, 50, 60, 125, 120, 97, 71, 37, 29, 48, 18, 71, 51, 15, 88, 124, 64, 52, 59, 121, 124, 103, 125, 43, 49, 52, 38, 47, 52, 81, 63, 123, 122, 122, 121, 47, 21, 67, 80, 72, 97, 61, 32, 79, 121, 80, 60, 55, 23, 76, 91, 55, 50, 66, 99, 69, 125, 118, 124, 73, 64, 121, 59, 35, 66, 40, 43, 38, 78, 118, 55, 113, 30, 123, 63, 20, 79, 72, 106, 101, 74, 54, 26, 117, 51, 62, 32, 47, 73, 73, 120, 27, 39, 34, 28, 79, 73, 93, 48, 34, 81, 45, 71, 77, 64, 35, 71, 125, 54, 115, 25, 73, 71, 97, 60, 57, 121, 122, 10, 113, 5, 56, 90, 77, 65, 90, 80, 66, 61, 47, 101, 118, 36, 46, 119, 123, 41, 17, 120, 80, 36, 94, 25, 44, 124, 72, 29, 66, 16, 45, 124, 64, 111, 53, 93, 66, 53, 23, 73, 34, 78, 99, 120, 14, 121, 87, 120, 110, 70, 64, 95, 71, 73, 40, 67, 125, 45, 21, 116, 48, 10, 125, 71, 75, 85, 58, 32, 77, 81, 52, 73, 49, 107, 65, 49, 118, 62, 87, 31, 69, 79, 18, 50, 108, 8, 55, 114, 72, 101, 112, 104, 39, 79, 57, 76, 112, 20, 33, 107, 51, 23, 76, 105, 108, 61, 80, 68, 35, 74, 122, 120, 125, 39, 80, 52, 78, 25, 74, 62, 31, 78, 124, 119, 121, 79, 124, 53, 65, 37, 78, 50, 77, 67, 63, 27, 51, 44, 55, 121, 75, 120, 123, 77, 63, 81, 24, 38, 73, 35, 56, 79, 43, 125, 122, 59, 77, 79, 71, 55, 22, 95, 75, 34, 120, 118, 77, 62, 48, 75, 11, 86, 78, 37, 51, 50, 66, 118, 80, 72, 44, 61, 47, 47, 66, 44, 103, 63, 88, 80, 28, 41, 118, 99, 72, 45, 74, 70, 59, 68, 58, 122, 123, 125, 74, 26, 53, 55, 78, 104, 65, 9, 76, 62, 57, 119, 121, 77, 124, 119, 23, 35, 34, 24, 68, 45, 34, 61, 29, 60, 67, 123, 45, 91, 63, 31, 54, 67, 41, 54, 49, 36, 119, 72, 31, 122, 58, 94, 99, 69, 5, 110, 74, 74, 107, 68, 120, 53, 32, 62, 57, 17, 121, 68, 48, 45, 61, 41, 56, 76, 76, 66, 28, 50, 124, 61, 80, 34, 45, 44, 65, 61, 72, 80, 118, 24, 108, 30, 73, 65, 78, 75, 62, 36, 37, 53, 120, 52, 26, 121, 37, 79, 81, 67, 58, 73, 101, 41, 72, 40, 65, 79, 116, 54, 40, 73, 54, 18, 77, 13, 120, 117, 23, 65, 67, 77, 89, 78, 66, 60, 105, 119, 100, 46, 16, 121, 33, 78, 72, 55, 88, 74, 124, 120, 53, 80, 72, 36, 125, 47, 122, 74, 58, 59, 31, 125, 80, 70, 106, 25, 76, 62, 19, 123, 21, 63, 76, 79, 29, 50, 51, 46, 40, 12, 117, 51, 71, 125, 33, 65, 81, 62, 73, 73, 27, 118, 42, 65, 77, 33, 26, 93, 75, 69, 32, 58, 67, 59, 22, 71, 125, 111, 56, 86, 119, 67, 79, 74, 28, 73, 71, 63, 70, 60, 47, 120, 123, 113, 27, 35, 66, 64, 30, 43, 46, 70, 41, 119, 118, 100, 62, 68, 55, 52, 23, 25, 80, 120, 122, 123, 45, 122, 118, 58, 72, 111, 61, 93, 19, 44, 90, 77, 65, 25, 54, 123, 73, 122, 57, 65, 47, 60, 76, 34, 44, 71, 73, 53, 86, 80, 34, 13, 37, 54, 125, 79, 85, 75, 64, 14, 48, 81, 41, 19, 62, 93, 73, 49, 103, 104, 49, 19, 52, 102, 107, 73, 77, 83, 84, 74, 20, 61, 125, 75, 100, 119, 70, 101, 111, 41, 17, 96, 72, 78, 16, 85, 57, 45, 60, 120, 64, 123, 66, 24, 50, 53, 37, 92, 34, 53, 82, 66, 76, 124, 121, 124, 48, 28, 68, 22, 79, 65, 124, 120, 31, 123, 80, 104, 122, 32, 79, 61, 102, 56, 26, 75, 68, 56, 51, 113, 71, 111, 121, 75, 57, 122, 60, 30, 65, 39, 44, 39, 77, 21, 54, 74, 125, 29, 124, 48, 64, 77, 80, 71, 80, 105, 71, 25, 120, 52, 67, 63, 31, 68, 74, 74, 57, 124, 119, 68, 40, 60, 35, 27, 74, 74, 42, 47, 35, 46, 70, 78, 68, 63, 72, 55, 118, 28, 80, 72, 59, 52, 18, 58, 119, 125, 11, 8, 55, 39, 63, 76, 65, 81, 60, 46, 121, 47, 120, 42, 20, 119, 65, 35, 40, 26, 69, 37, 79, 15, 122, 46, 123, 97, 52, 79, 52, 24, 79, 2, 121, 13, 124, 39, 64, 66, 124, 72, 40, 39, 66, 44, 22, 125, 9, 72, 78, 57, 78, 40, 41, 27, 51, 74, 56, 72, 37, 45, 116, 106, 119, 61, 65, 32, 68, 31, 25, 120, 118, 73, 80, 65, 35, 80, 64, 75, 53, 29, 34, 105, 67, 77, 114, 50, 24, 38, 75, 91, 30, 60, 79, 81, 57, 61, 36, 73, 123, 41, 79, 49, 77, 75, 26, 73, 61, 67, 32, 77, 123, 33, 122, 80, 78, 38, 77, 49, 68, 62, 28, 41, 48, 124, 76, 121, 119, 124, 64, 64, 37, 72, 34, 53, 53, 44, 34, 47, 60, 74, 60, 98, 78, 38, 72, 54, 23, 96, 70, 112, 125, 119, 124, 59, 45, 10, 85, 75, 71, 66, 52, 120, 118, 67, 36, 73, 71, 41, 62, 48, 46, 65, 43, 64, 78, 73, 69, 78, 22, 119, 107, 69, 12, 79, 47, 60, 67, 63, 123, 28, 51, 75, 125, 71, 25, 54, 56, 109, 75, 3, 94, 86, 80, 10, 59, 58, 32, 122, 121, 125, 120, 26, 99, 113, 39, 23, 90, 90, 42, 44, 39, 62, 24, 118, 121, 122, 46, 30, 64, 51, 86, 40, 51, 92, 50, 32, 34, 29, 66, 118, 59, 18, 123, 59, 63, 70, 28, 103, 73, 79, 65, 81, 98, 116, 38, 31, 59, 48, 58, 32, 65, 47, 42, 53, 21, 77, 67, 27, 55, 69, 62, 79, 64, 75, 46, 81, 67, 64, 108, 79, 119, 23, 114, 29, 112, 104, 66, 44, 77, 86, 76, 112, 59, 61, 107, 125, 39, 40, 54, 99, 119, 49, 25, 76, 40, 38, 80, 68, 45, 57, 62, 74, 45, 42, 37, 72, 80, 52, 53, 37, 94, 74, 53, 19, 72, 78, 122, 100, 22, 76, 70, 78, 83, 65, 103, 98, 44, 109, 45, 13, 34, 30, 61, 75, 50, 71, 91, 22, 56, 81, 41, 33, 124, 48, 121, 71, 57, 45, 62, 32, 49, 69, 95, 46, 26, 49, 101, 69, 120, 20, 125, 123, 122, 58, 31, 81, 74, 30, 89, 49, 54, 8, 41, 11, 118, 54, 72, 63, 66, 82, 29, 61, 76, 88, 80, 28, 45, 112, 66, 76, 46, 76, 46, 56, 78, 70, 59, 57, 68, 76, 27, 70, 54, 113, 55, 57, 120, 68, 74, 21, 74, 37, 58, 71, 59, 31, 48, 64, 119, 125, 79, 89, 41, 27, 28, 38, 65, 81, 19, 44, 120, 121, 69, 44, 63, 106, 77, 75, 50, 78, 69, 30, 79, 121, 124, 118, 59, 71, 59, 62, 81, 20, 34, 79, 78, 68, 26, 55, 125, 123, 122, 74, 123, 121, 58, 68, 48, 61, 118, 35, 43, 74, 56, 22, 118, 35, 38, 118, 119, 125, 122, 80, 68, 76, 15, 47, 44, 63, 94, 80, 70, 50, 18, 53, 105, 78, 56, 85, 73, 17, 62, 118, 120, 107, 73, 39, 42, 20, 65, 35, 13, 86, 58, 61, 119, 125, 123, 118, 71, 23, 51, 54, 40, 91, 33, 54, 81, 71, 75, 24, 52, 37, 123, 27, 62, 69, 75, 66, 124, 77, 31, 63, 51, 62, 118, 49, 98, 88, 70, 8, 49, 86, 52, 68, 72, 123, 120, 122, 32, 58, 123, 61, 29, 68, 48, 45, 90, 40, 68, 19, 53, 119, 122, 121, 14, 95, 67, 30, 73, 70, 109, 72, 49, 24, 125, 119, 53, 64, 40, 67, 82, 75, 79, 108, 118, 44, 45, 25, 98, 36, 22, 73, 75, 41, 46, 36, 47, 69, 75, 54, 62, 27, 69, 56, 27, 79, 69, 81, 66, 58, 110, 95, 63, 56, 123, 120, 12, 7, 54, 75, 76, 66, 37, 59, 109, 45, 64, 124, 48, 125, 108, 19, 71, 66, 34, 39, 27, 107, 70, 49, 80, 14, 51, 121, 47, 46, 118, 62, 101, 39, 26, 79, 49, 51, 21, 56, 121, 3, 122, 122, 16, 123, 81, 67, 70, 125, 30, 55, 79, 90, 38, 65, 43, 23, 118, 40, 12, 121, 77, 64, 18, 79, 93, 48, 28, 50, 77, 38, 67, 125, 55, 120, 110, 102, 97, 67, 81, 32, 81, 26, 26, 119, 60, 74, 79, 124, 96, 72, 99, 77, 63, 74, 102, 52, 30, 107, 55, 106, 70, 78, 49, 118, 59, 78, 64, 51, 76, 124, 48, 96, 50, 76, 76, 76, 94, 60, 17, 47, 80, 104, 118, 123, 125, 87, 108, 72, 80, 56, 65, 103, 42, 122, 109, 119, 123, 108, 122, 118, 125, 61, 112, 36, 71, 91, 77, 54, 81, 41, 33, 121, 46, 121, 57, 67, 64, 69, 95, 24, 69, 99, 125, 120, 123, 48, 60, 46, 99, 81, 9, 76, 70, 89, 49, 119, 56, 68, 97, 100, 124, 56, 70, 42, 70, 45, 45, 123, 42, 65, 36, 36, 72, 120, 114, 118, 70, 80, 46, 57, 64, 25, 124, 27, 76, 28, 113, 53, 76, 79, 11, 60, 69, 63, 31, 123, 125, 25, 33, 117, 40, 22, 89, 119, 41, 86, 40, 108, 59, 19, 119, 122, 121, 125, 29, 61, 52, 52, 65, 77, 52, 55, 81, 120, 58, 67, 121, 17, 88, 124, 64, 67, 27, 80, 45, 66, 87, 97, 123, 102, 34, 60, 117, 31, 66, 34, 61, 47, 54, 78, 106, 114, 68, 46, 56, 59, 78, 54, 43, 84, 68, 63, 78, 120, 70, 81, 20, 81, 71, 80, 85, 73, 106, 46, 39, 51, 118, 50, 8, 107, 73, 39, 83, 118, 124, 19, 77, 69, 60, 50, 61, 75, 125, 47, 38, 71, 54, 51, 35, 38, 119, 75, 81, 56, 20, 81, 71, 79, 15, 73, 21, 120, 105, 107, 69, 79, 68, 31, 124, 117, 124, 48, 14, 35, 81, 64, 49, 90, 72, 54, 23, 55, 99, 44, 34, 77, 123, 45, 72, 67, 61, 29, 45, 50, 72, 45, 27, 70, 119, 17, 124, 124, 110, 121, 119, 57, 81, 98, 70, 73, 31, 38, 52, 65, 53, 5, 42, 10, 125, 123, 120, 69, 58, 28, 30, 64, 75, 79, 90, 46, 113, 41, 75, 105, 38, 24, 57, 77, 71, 37, 60, 81, 75, 28, 69, 50, 61, 73, 122, 82, 22, 75, 81, 57, 72, 62, 95, 63, 105, 49, 118, 120, 80, 43, 76, 42, 37, 37, 68, 58, 83, 109, 37, 104, 122, 42, 125, 43, 118, 64, 78, 124, 49, 92, 120, 57, 78, 66, 121, 47, 120, 60, 66, 63, 78, 79, 67, 23, 96, 56, 124, 124, 121, 119, 124, 124, 35, 59, 67, 33, 62, 36, 46, 75, 89, 11, 92, 36, 39, 125, 123, 120, 123, 121, 77, 53, 16, 42, 83, 93, 64, 77, 23, 38, 125, 51, 17, 54, 67, 97, 79, 81, 76, 18, 63, 115, 43, 114, 76, 40, 119, 19, 66, 80, 14, 59, 62, 69, 117, 102, 72, 80, 52, 55, 39, 70, 94, 36, 55, 72, 74, 122, 78, 51, 125, 80, 26, 119, 116, 106, 70, 24, 93, 81, 67, 68, 118, 20, 121, 78, 76, 30, 67, 63, 110, 50, 28, 87, 89, 43, 50, 87, 53, 69, 98, 56, 124, 119, 124, 69, 59, 124, 62, 65, 67, 85, 114, 44, 46, 91, 67, 39, 120, 81, 123, 121, 122, 118, 58, 67, 74, 95, 69, 87, 60, 69, 103, 125, 122, 54, 57, 88, 52, 81, 94, 76, 104, 80, 89, 43, 112, 40, 97, 53, 102, 21, 76, 76, 40, 45, 79, 37, 82, 92, 123, 61, 70, 12, 49, 120, 60, 80, 28, 81, 86, 78, 70, 96, 57, 62, 16, 13, 33, 10, 53, 74, 78, 67, 87, 29, 58, 36, 63, 123, 41, 44, 14, 67, 33, 38, 28, 74, 67, 56, 81, 77, 119, 68, 124, 48, 125, 119, 61, 64, 50, 56, 27, 50, 22, 55, 81, 65, 4, 121, 123, 15, 62, 68, 58, 67, 31, 78, 75, 37, 72, 42, 24, 74, 11, 122, 122, 58, 63, 19, 80, 47, 25, 49, 43, 39, 70, 54, 121, 59, 56, 66, 29, 70, 27, 121, 120, 125, 105, 75, 123, 81, 71, 33, 78, 62, 73, 71, 51, 31, 118, 107, 51, 79, 56, 67, 119, 69, 83, 58, 77, 69, 52, 74, 122, 47, 47, 118, 63, 75, 73, 75, 67, 81, 18, 79, 62, 125, 119, 124, 122, 47, 92, 55, 44, 79, 55, 72, 66, 60, 6, 55, 121, 120, 107, 123, 68, 92, 48, 71, 43, 35, 70, 90, 40, 68, 59, 68, 122, 122, 123, 122, 58, 68, 15, 77, 70, 52, 59, 74, 63, 72, 26, 115, 121, 118, 122, 57, 81, 51, 100, 82, 16, 73, 69, 13, 5, 50, 53, 125, 101, 123, 75, 69, 39, 60, 124, 46, 44, 41, 62, 75, 71, 113, 19, 59, 53, 77, 71, 58, 118, 61, 120, 38, 77, 27, 67, 52, 106, 117, 73, 78, 12, 72, 81, 57, 64, 124, 105, 23, 80, 78, 97, 120, 21, 44, 37, 60, 80, 120, 43, 123, 120, 44, 32, 62, 86, 76, 80, 49, 48, 56, 57, 68, 76, 122, 102, 125, 61, 68, 26, 118, 77, 74, 90, 71, 58, 118, 122, 101, 121, 119, 57, 64, 30, 81, 71, 91, 58, 48, 89, 51, 79, 62, 119, 69, 123, 53, 60, 77, 53, 40, 122, 44, 93, 83, 69, 50, 63, 77, 124, 19, 106, 72, 97, 79, 81, 88, 74, 70, 63, 45, 110, 42, 52, 33, 76, 55, 7, 32, 74, 123, 115, 78, 70, 59, 106, 49, 64, 76, 68, 48, 69, 35, 70, 78, 62, 55, 35, 74, 76, 66, 55, 21, 70, 80, 120, 125, 4, 119, 95, 72, 80, 93, 81, 67, 70, 39, 54, 47, 11, 36, 16, 69, 112, 52, 89, 69, 79, 24, 58, 69, 98, 122, 46, 118, 69, 59, 64, 30, 79, 85, 121, 71, 48, 28, 125, 71, 118, 18, 123, 121, 120, 60, 29, 115, 71, 102, 92, 76, 32, 77, 51, 66, 56, 6, 125, 69, 124, 124, 78, 89, 103, 57, 54, 72, 63, 78, 78, 89, 47, 120, 42, 36, 123, 37, 21, 78, 58, 77, 72, 59, 74, 25, 68, 49, 118, 84, 79, 57, 81, 23, 76, 60, 73, 61, 29, 69, 50, 114, 99, 119, 77, 118, 61, 43, 38, 118, 67, 77, 57, 68, 39, 38, 119, 41, 46, 75, 79, 10, 52, 67, 60, 58, 77, 53, 122, 42, 125, 119, 53, 65, 64, 14, 66, 77, 73, 80, 70, 24, 81, 57, 123, 121, 120, 121, 123, 28, 57, 60, 70, 97, 63, 65, 45, 76, 50, 12, 89, 61, 40, 123, 124, 64, 124, 124, 78, 54, 49, 41, 57, 46, 49, 92, 52, 120, 79, 125, 123, 118, 52, 24, 55, 80, 75, 69, 80, 64, 63, 118, 66, 75, 57, 44, 22, 81, 67, 79, 84, 60, 63, 67, 120, 95, 69, 79, 61, 56, 34, 69, 60, 35, 56, 69, 69, 73, 119, 50, 47, 43, 48, 71, 23, 68, 67, 81, 61, 122, 75, 125, 119, 64, 97, 51, 27, 72, 51, 88, 54, 43, 70, 55, 121, 39, 72, 60, 125, 63, 31, 78, 46, 43, 47, 66, 59, 54, 107, 124, 124, 59, 48, 98, 32, 37, 76, 81, 63, 70, 60, 22, 115, 123, 121, 55, 120, 58, 81, 51, 80, 75, 77, 77, 64, 42, 119, 125, 35, 63, 38, 24, 75, 51, 39, 36, 38, 44, 41, 73, 67, 11, 32, 113, 119, 59, 56, 77, 67, 62, 61, 15, 118, 66, 14, 9, 82, 95, 73, 47, 68, 76, 46, 81, 57, 35, 104, 118, 42, 40, 73, 102, 68, 64, 37, 29, 74, 36, 68, 55, 78, 74, 123, 106, 120, 52, 49, 78, 78, 72, 49, 19, 96, 124, 85, 124, 124, 55, 125, 61, 69, 60, 105, 32, 77, 48, 76, 60, 71, 41, 29, 120, 120, 38, 121, 123, 57, 81, 118, 62, 20, 122, 46, 26, 64, 89, 79, 40, 69, 53, 109, 122, 58, 124, 53, 65, 30, 69, 28, 119, 118, 125, 121, 111, 42, 70, 34, 81, 61, 80, 72, 50, 32, 119, 108, 50, 80, 125, 55, 120, 80, 70, 26, 57, 76, 72, 67, 9, 78, 70, 46, 100, 111, 64, 74, 74, 78, 68, 58, 70, 74, 27, 120, 44, 110, 124, 63, 41, 74, 54, 81, 79, 59, 7, 56, 56, 124, 51, 125, 71, 124, 77, 45, 123, 107, 34, 69, 39, 58, 60, 77, 121, 123, 44, 118, 123, 122, 65, 54, 16, 75, 51, 64, 71, 81, 122, 122, 119, 121, 101, 58, 36, 52, 97, 79, 15, 26, 74, 68, 14, 69, 63, 54, 118, 125, 121, 122, 76, 68, 40, 35, 43, 48, 109, 35, 76, 66, 125, 110, 120, 29, 60, 55, 108, 78, 66, 55, 62, 119, 78, 58, 118, 74, 8, 121, 81, 77, 75, 58, 61, 109, 77, 63, 38, 20, 111, 43, 38, 57, 79, 73, 124, 42, 119, 31, 51, 50, 75, 79, 50, 29, 53, 56, 64, 45, 123, 19, 30, 59, 62, 65, 25, 40, 78, 73, 72, 81, 57, 119, 121, 122, 118, 58, 61, 29, 120, 72, 36, 45, 90, 52, 88, 80, 61, 104, 70, 122, 54, 57, 68, 56, 49, 41, 39, 70, 49, 92, 68, 123, 33, 120, 18, 62, 66, 87, 79, 69, 96, 88, 48, 77, 41, 49, 98, 124, 56, 79, 57, 81, 34, 54, 75, 71, 80, 52, 63, 56, 45, 36, 36, 69, 75, 61, 58, 36, 77, 65, 48, 22, 83, 69, 73, 119, 16, 118, 62, 71, 73, 78, 71, 81, 53, 50, 12, 125, 115, 15, 98, 50, 78, 70, 51, 70, 57, 76, 40, 121, 121, 43, 108, 70, 38, 47, 63, 27, 80, 70, 52, 20, 47, 29, 61, 94, 72, 80, 23, 122, 122, 59, 30, 78, 75, 25, 78, 98, 67, 55, 44, 120, 123, 121, 55, 122, 60, 116, 55, 32, 34, 77, 77, 31, 48, 119, 125, 35, 40, 124, 40, 22, 119, 77, 81, 79, 65, 54, 73, 26, 67, 101, 17, 52, 123, 63, 75, 58, 84, 24, 85, 59, 74, 64, 30, 77, 122, 116, 118, 78, 32, 106, 62, 44, 43, 39, 70, 78, 108, 18, 39, 120, 44, 114, 45, 122, 108, 17, 61, 51, 82, 66, 59, 76, 76, 102, 18, 41, 78, 73, 68, 15, 76, 74, 81, 69, 21, 58, 122, 122, 77, 120, 122, 125, 120, 65, 69, 35, 64, 46, 35, 69, 49, 9, 90, 100, 62, 57, 123, 121, 118, 122, 121, 123, 48, 81, 55, 50, 68, 45, 50, 67, 119, 125, 57, 124, 60, 119, 23, 15, 56, 54, 103, 65, 78, 70, 76, 123, 78, 58, 53, 21, 68, 74, 53, 108, 64, 70, 68, 119, 75, 123, 48, 74, 62, 81, 33, 111, 84, 41, 70, 80, 120, 49, 80, 56, 111, 61, 41, 72, 80, 83, 124, 66, 72, 76, 28, 49, 98, 73, 52, 30, 105, 71, 81, 44, 52, 76 ];

